M_fuel_sim,M_air_sim,eta_c,Q_gross,X_res,Diesel_fuel,Ammonia_fuel,Fresh_air,CA50,Var10,DI_duration
8.02037977643438e-05,0.00166275251966528,0.581992665281933,1002.71876250187,0.0304229722408569,8.99999904632568e-06,7.01126873583826e-05,0.00160983333333333,3.60000000000002,42.8,0.416666666666667
8.02037977643438e-05,0.00166275251966528,0.55008876125784,949.673666418875,0.0328460679177012,8.99999904632568e-06,7.01069027085922e-05,0.00160983333333333,3.39999999999998,42.8,0.416666666666667
8.01989945106555e-05,0.00166278301765447,0.59068768995337,1018.09165220618,0.0323034174218909,8.99999904632568e-06,7.01011180588018e-05,0.00160983333333333,3.39999999999998,42.8,0.416666666666667
8.01931444574964e-05,0.00166278387974399,0.589519878960377,1015.43042807389,0.0316890879943392,8.99999904632568e-06,7.00626238441573e-05,0.00160967775554444,3.19999999999999,42.8,0.416666666666667
8.01545705857677e-05,0.00166262822695632,0.584275335152981,1005.26785496418,0.0308793170844821,8.99999904632568e-06,6.99758540981044e-05,0.00160929256294814,4.39999999999998,42.8,0.416666666666667
8.00672755996756e-05,0.00166223753744464,0.58158884601533,1003.47413902993,0.0395668080081996,8.99999904632568e-06,6.98890843520514e-05,0.00160890737035184,3.80000000000001,42.8,0.416666666666667
7.99793172039005e-05,0.00166183871320026,0.571153979404276,985.117697206905,0.0379045987781406,8.99999904632568e-06,6.98843037093181e-05,0.00160816089299863,3.80000000000001,42.8,0.416666666666667
7.99733388781458e-05,0.00166107834043872,0.588275854992328,1013.98567807886,0.0375312615408309,8.99999904632568e-06,6.98990317278248e-05,0.00160732845078363,3.19999999999999,42.8,0.417014178482068
7.99879854929481e-05,0.00166022221828917,0.583638538438462,1005.7276557848,0.0363337969539975,8.99999904632568e-06,6.99050751621382e-05,0.00160671254385881,5.19999999999999,42.8,0.417014178482068
7.99942283624798e-05,0.00165958002129633,0.586945164554585,1008.94629582858,0.0314543010315269,8.99999904632568e-06,6.98787778442714e-05,0.0016069029984133,3.80000000000001,42.8,0.416666666666667
7.99680160504704e-05,0.00165975067257055,0.559789573622251,964.307609055899,0.0349049988980487,8.99999904632568e-06,6.98524805264046e-05,0.0016070934529678,3.39999999999998,42.8,0.416666666666667
7.99413618133946e-05,0.00165994596249166,0.561494937904469,965.564232080598,0.0318784524882386,8.99999904632568e-06,6.98221927665861e-05,0.00160704810738703,4.80000000000001,42.8,0.416666666666667
7.99107111169069e-05,0.00165990620853399,0.578719518879674,993.286345908406,0.0295531418131105,8.99999904632568e-06,6.97894130852111e-05,0.00160685551108888,3,42.8,0.416666666666667
7.98775140811856e-05,0.00165971184663667,0.570043468974369,981.612388053262,0.0373015510138009,8.99999904632568e-06,6.97568963424588e-05,0.00160666916791729,4.39999999999998,42.8,0.444444444444443
7.98445453119303e-05,0.00165951889984193,0.577111010793272,992.230186513535,0.0347776964864707,8.99999904632568e-06,6.97376141770444e-05,0.00160679756544939,3.80000000000001,42.8,0.416666666666667
7.98248142281969e-05,0.00165964074159669,0.588131613276485,1007.19879345255,0.026765583293128,8.99999904632568e-06,6.971833201163e-05,0.00160692596298149,3.60000000000002,42.8,0.416666666666667
7.9805263395036e-05,0.00165977257382088,0.578003411033128,991.144584894643,0.0296917603115009,8.99999904632568e-06,6.96982334844434e-05,0.001607,3.60000000000002,42.8,0.416666666666667
7.97848986544797e-05,0.00165985035842853,0.567277162504007,976.170285561866,0.0374776590213864,8.99999904632568e-06,6.96770231025733e-05,0.001607,3.60000000000002,42.8,0.416666666666667
7.97634109766928e-05,0.00165985241607409,0.594479452861587,1021.596249757,0.0372718569684363,8.99999904632568e-06,6.96558127207032e-05,0.001607,3.39999999999998,42.8,0.416666666666667
7.97419080084627e-05,0.00165985210621651,0.577567945887465,991.77281147146,0.0349016110170107,8.99999904632568e-06,6.96202458904684e-05,0.00160726554944139,3.39999999999998,42.8,0.416666666666667
7.97060483836659e-05,0.00166011727212807,0.578490960189926,992.703671861079,0.0344295554026586,8.99999904632568e-06,6.95816815600256e-05,0.00160758654327164,3.80000000000001,42.8,0.416666666666667
7.9666995771651e-05,0.00166044586406767,0.586834345451266,1005.45651031578,0.0322273392185478,8.99999904632568e-06,6.95506948701029e-05,0.00160783333333333,4.39999999999998,42.8,0.416666666666667
7.96354773229356e-05,0.00166070216329031,0.581735548782655,995.413008174031,0.0288863392343587,8.99999904632568e-06,6.95449102205621e-05,0.00160783333333333,4.19999999999999,42.8,0.416666666666667
7.96292635033246e-05,0.00166070956197095,0.600378254834294,1029.48293053582,0.0356023474030496,8.99999904632568e-06,6.95391255710213e-05,0.00160783333333333,3.39999999999998,42.8,0.416666666666667
7.96233942434838e-05,0.00166070968331883,0.599122537875845,1025.24247514055,0.0302429967364813,8.99999904632568e-06,6.95480354338332e-05,0.00160795564448891,4.60000000000002,42.8,0.416666666666667
7.96322241876843e-05,0.00166083189617433,0.567494532793039,973.903389867103,0.0341258486098584,8.99999904632568e-06,6.95653893824757e-05,0.00160814824078706,3.39999999999998,42.8,0.416666666666667
7.96496983690136e-05,0.0016610284353283,0.566297057570449,971.344020707099,0.0324332761343295,8.99999904632568e-06,6.9582142328568e-05,0.00160833333333333,4.80000000000001,42.8,0.416666666666667
7.96666892518043e-05,0.00166121992559525,0.568451961671943,978.391584769086,0.0403726946410752,8.99999904632568e-06,6.95840705450875e-05,0.00160833333333333,4,42.8,0.416666666666667
7.96688488242013e-05,0.00166122615836685,0.595920539478957,1023.74137539116,0.0384865375952494,8.99999904632568e-06,6.95859987616071e-05,0.00160833333333333,3.60000000000002,42.8,0.416666666666667
7.96708064464776e-05,0.00166122638917254,0.585895554314786,1005.25768060996,0.0344313871467503,8.99999904632568e-06,6.95913426759662e-05,0.00160830490245123,3.80000000000001,42.8,0.444444444444443
7.96761770167454e-05,0.00166119799948851,0.579700664125504,994.813011524418,0.0341097505531452,8.99999904632568e-06,6.9600983758575e-05,0.00160824070368518,3.80000000000001,42.8,0.416666666666667
7.96858912275732e-05,0.00166113301386791,0.601858752099693,1031.97158175941,0.0336667228664246,8.99999904632568e-06,6.96106248411839e-05,0.00160817650491913,4.19999999999999,42.8,0.444444444444443
7.96956645834605e-05,0.00166106696909361,0.598915390450168,1024.83974515152,0.0288176195362309,8.99999904632568e-06,6.95957750698047e-05,0.00160816666666667,4.19999999999999,42.8,0.416666666666667
7.96809478907067e-05,0.00166105525302147,0.592377151462686,1015.95037360246,0.0343547537163236,8.99999904632568e-06,6.95764929046055e-05,0.00160816666666667,4.39999999999998,42.8,0.416666666666667
7.96614653360747e-05,0.00166105463384154,0.59103655515381,1013.45367577719,0.0342836813982945,8.99999904632568e-06,6.9557210739425e-05,0.00160824712356178,3.19999999999999,42.8,0.416666666666667
7.96419178872372e-05,0.0016611347327497,0.582130163755289,997.564900068048,0.0325945766535839,8.99999904632568e-06,6.95379285743e-05,0.00160856811739203,4.80000000000001,42.8,0.416666666666667
7.96223695548251e-05,0.00166145787019444,0.600225148963454,1027.5657735109,0.0321747259132895,8.99999904632568e-06,6.95186464091751e-05,0.00160888911122228,3.80000000000001,42.8,0.416666666666667
7.96028212103819e-05,0.00166178854323115,0.549287522507507,943.211345310926,0.0354963056134963,8.99999904632568e-06,6.9504412665488e-05,0.001609,4.60000000000002,42.8,0.416666666666667
7.95883212872126e-05,0.00166190934486228,0.595907086057878,1020.01210717895,0.0321385162410224,8.99999904632568e-06,6.94928433664486e-05,0.001609,4,42.8,0.416666666666667
7.95765545503774e-05,0.00166191283827092,0.594950829817273,1015.06710328555,0.0244627218556972,8.99999904632568e-06,6.94801471876403e-05,0.00160896623311656,3.39999999999998,42.8,0.444444444444443
7.9563698150128e-05,0.00166187897508766,0.584194927604238,999.836299277824,0.0320672155245023,8.99999904632568e-06,6.94492957236659e-05,0.00160838844422211,4,42.8,0.416666666666667
7.95326716273414e-05,0.00166129991267337,0.587170781264829,1004.34302353502,0.031715616948349,8.99999904632568e-06,6.94184442596915e-05,0.00160781065532766,2.60000000000002,42.8,0.416666666666667
7.95013976915924e-05,0.0016607036299474,0.596492857010969,1021.6637603698,0.0362116996206206,8.99999904632568e-06,6.94009651023453e-05,0.00160744063698516,3.60000000000002,42.8,0.416666666666667
7.94834926935799e-05,0.00166031457954126,0.577091177537849,988.134146129569,0.0338955763941167,8.99999904632568e-06,6.93990368858532e-05,0.00160731223945306,3.19999999999999,42.8,0.416666666666667
7.94813206741861e-05,0.00166017380782904,0.593562079067341,1015.6465006414,0.0336726643281862,8.99999904632568e-06,6.93971086693611e-05,0.00160718384192096,4.60000000000002,42.8,0.416666666666667
7.94793628824531e-05,0.00166004100778561,0.57578322636135,987.151346363259,0.0362070391599708,8.99999904632568e-06,6.94202347464384e-05,0.00160766716691679,3,42.8,0.416666666666667
7.95024623013143e-05,0.00166052018116347,0.600306114989326,1026.90568716661,0.0322031515095769,8.99999904632568e-06,6.94472297773952e-05,0.00160824495581124,3.80000000000001,42.8,0.416666666666667
7.95297718648581e-05,0.00166111322890157,0.586138619017687,1003.88459046853,0.0335099474176455,8.99999904632568e-06,6.94653700375266e-05,0.00160873603468401,2.60000000000002,42.8,0.416666666666667
7.95482839848931e-05,0.00166162317059673,0.586842042012642,1004.84532967064,0.0331394676695891,8.99999904632568e-06,6.94595853880236e-05,0.00160899282974821,4,42.8,0.416666666666667
7.95427514051518e-05,0.00166189609873116,0.566123609798678,970.311737941291,0.0339096003207246,8.99999904632568e-06,6.94538007385206e-05,0.00160924962481241,5,42.8,0.444444444444443
7.95368914214324e-05,0.00166216125994606,0.590540645010249,1009.2241325824,0.0283909384134286,8.99999904632568e-06,6.94740094491814e-05,0.00160937660496915,4,42.8,0.416666666666667
7.95570203397898e-05,0.00166229635974051,0.57616449056342,986.237059252054,0.030327115058741,8.99999904632568e-06,6.95067891297866e-05,0.0016094408037352,4.19999999999999,42.8,0.416666666666667
7.95900741052455e-05,0.0016623650974141,0.585587662798655,1002.55069540064,0.0306490350743646,8.99999904632568e-06,6.95374653014777e-05,0.001609520010005,3.39999999999998,42.8,0.416666666666667
7.96212003526039e-05,0.00166244700973452,0.592851654134276,1015.8680161547,0.033144752346935,8.99999904632568e-06,6.95432499510186e-05,0.0016097768050692,3.60000000000002,42.8,0.416666666666667
7.96274088318162e-05,0.00166270688582171,0.586972297391127,1006.97781619835,0.0353300288535342,8.99999904632568e-06,6.95490346005594e-05,0.0016100336001334,3.60000000000002,42.8,0.416666666666667
7.96332780189395e-05,0.00166297184651654,0.606109638941791,1037.71388628648,0.0318109427076799,8.99999904632568e-06,6.955574829988e-05,0.00161016666666667,4.19999999999999,42.8,0.416666666666667
7.96400716358814e-05,0.00166311323043278,0.552711326155259,946.303049342832,0.0278535924705969,8.99999904632568e-06,6.95634611659448e-05,0.00161016666666667,4,42.8,0.416666666666667
7.96478770070402e-05,0.00166311773229252,0.594140030049596,1018.51386797039,0.0335491670275245,8.99999904632568e-06,6.95711740320096e-05,0.00161016666666667,4,42.8,0.416666666666667
7.96556961547218e-05,0.0016631180076066,0.575714287949705,988.855365391257,0.0366899053074798,8.99999904632568e-06,6.9568639804587e-05,0.00160993921960981,4.19999999999999,42.8,0.416666666666667
7.96532683965036e-05,0.0016628907050559,0.567443179485944,973.635672600803,0.0337168591806908,8.99999904632568e-06,6.95647833715531e-05,0.00160968242454561,4,42.8,0.416666666666667
7.96493789059682e-05,0.00166262682007427,0.591031174892182,1011.4125446431,0.0293261969540557,8.99999904632568e-06,6.95614853700562e-05,0.0016095,4.19999999999999,42.8,0.416666666666667
7.96460279433329e-05,0.00166243614592468,0.574757089558497,985.976451727232,0.033939658030061,8.99999904632568e-06,6.95595571535404e-05,0.0016095,3.60000000000002,42.8,0.416666666666667
7.96440540985287e-05,0.00166243017564669,0.576002770248359,987.378718187184,0.0323592022595697,8.99999904632568e-06,6.95576289370246e-05,0.0016095,4.39999999999998,42.8,0.416666666666667
7.96420990052106e-05,0.00166242995620951,0.576065318480303,986.677573314824,0.0309526323342205,8.99999904632568e-06,6.95383167217928e-05,0.00160905477738869,3.80000000000001,42.8,0.416666666666667
7.96227601685056e-05,0.00166198469279659,0.589442210597121,1011.67683656617,0.0376335803729393,8.99999904632568e-06,6.9511321690649e-05,0.0016084127897282,4,42.8,0.416666666666667
7.95955018106359e-05,0.0016613285630925,0.578806345058794,991.741982469124,0.0333268152594071,8.99999904632568e-06,6.94878951121362e-05,0.00160777705519426,3.19999999999999,42.8,0.416666666666667
7.95717040694602e-05,0.001660672010719,0.574699655888613,985.090134587783,0.033664274956216,8.99999904632568e-06,6.94975361946709e-05,0.00160719926629982,3.60000000000002,42.8,0.416666666666667
7.95810211107217e-05,0.00166007345105761,0.580382869890725,996.061720509859,0.0367719415063028,8.99999904632568e-06,6.95071772772055e-05,0.00160662147740537,5,42.8,0.416666666666667
7.95907890584865e-05,0.00165947726535164,0.591810187892841,1013.76014351576,0.0328640105727631,8.99999904632568e-06,6.95216514219218e-05,0.0016065907953977,4,42.8,0.416666666666667
7.96053962081887e-05,0.00165942826797982,0.558153414047968,957.083898497744,0.0321670887059951,8.99999904632568e-06,6.95409335870468e-05,0.0016071043855261,5.60000000000002,42.8,0.416666666666667
7.96248772711566e-05,0.00165994059291359,0.575514673461916,986.404837963008,0.0319327126620586,8.99999904632568e-06,6.95602157521717e-05,0.00160761797565449,3.60000000000002,42.8,0.416666666666667
7.96444246996274e-05,0.00166047040685576,0.597383147284506,1022.73598326037,0.0302025830653668,8.99999904632568e-06,6.95864795636911e-05,0.00160853835250959,3.80000000000001,42.8,0.416666666666667
7.96709546781565e-05,0.00166140755093959,0.584065318989074,999.668969421525,0.0278969951365103,8.99999904632568e-06,6.96134745949907e-05,0.00160950133400033,2.60000000000002,42.8,0.416666666666667
7.96983109541624e-05,0.00166240005068308,0.578490841330302,995.126209525028,0.0389040937473874,8.99999904632568e-06,6.96291457365322e-05,0.00161016666666667,4,42.8,0.416666666666667
7.97143545916664e-05,0.00166309663231815,0.594906980783327,1019.07757526521,0.0305226910614552,8.99999904632568e-06,6.96195046539085e-05,0.00161016666666667,4.39999999999998,42.8,0.416666666666667
7.97049319667814e-05,0.00166311850938612,0.584857643390831,1003.98646948699,0.0350671294625001,8.99999904632568e-06,6.96098635712848e-05,0.00161016666666667,3.60000000000002,42.8,0.416666666666667
7.96951625812511e-05,0.00166311902384915,0.571945891356339,984.262546554508,0.0393716637340428,8.99999904632568e-06,6.96235939754696e-05,0.00160943430048358,4.19999999999999,42.8,0.416666666666667
7.97087599608726e-05,0.00166238650373423,0.610028564435545,1045.58710883691,0.0324169105269958,8.99999904632568e-06,6.96467325737976e-05,0.00160840712022678,3.80000000000001,42.8,0.416666666666667
7.97320837075377e-05,0.00166133684754544,0.589660503053963,1012.71684717833,0.0350692072430857,8.99999904632568e-06,6.96689696683016e-05,0.0016075,3,42.8,0.416666666666667
7.9754638389182e-05,0.00166039758746008,0.584233857583006,1004.07919500775,0.0358210096918786,8.99999904632568e-06,6.96843954005797e-05,0.0016075,2.80000000000001,42.8,0.416666666666667
7.97703712366481e-05,0.00166036885714887,0.57127879168142,978.834781393207,0.0273536953581334,8.99999904632568e-06,6.96998211328578e-05,0.0016075,4,42.8,0.416666666666667
7.97860111948011e-05,0.00166036823992607,0.579804285925131,998.306677424232,0.0391267597271818,8.99999904632568e-06,6.97092218145129e-05,0.00160800150075038,3.60000000000002,42.8,0.444444444444443
7.97956248375064e-05,0.00166086999350751,0.588656743682677,1011.77845410397,0.0356834868077214,8.99999904632568e-06,6.97130782475899e-05,0.00160896448224112,3.60000000000002,42.8,0.416666666666667
7.97996121744788e-05,0.00166184869945072,0.585617926036494,1005.87344394134,0.0337090316203698,8.99999904632568e-06,6.97169346806668e-05,0.00160992746373187,4.60000000000002,42.8,0.416666666666667
7.98035229010174e-05,0.00166284209585177,0.568503229488805,975.506139535804,0.0306732644392751,8.99999904632568e-06,6.96940464999865e-05,0.00161,4.39999999999998,42.8,0.416666666666667
7.9780687970635e-05,0.00166294550118758,0.575365621131628,991.266185550739,0.0411475691723794,8.99999904632568e-06,6.96689796850394e-05,0.00161,4.39999999999998,42.8,0.416666666666667
7.97553102245008e-05,0.00166294831026966,0.597593680836966,1025.48814457722,0.034174896748659,8.99999904632568e-06,6.96521491092893e-05,0.00160993671835918,3.80000000000001,42.8,0.416666666666667
7.97381340933844e-05,0.00166288467442444,0.578819604308814,991.858135719374,0.0293153256276392,8.99999904632568e-06,6.96521491092893e-05,0.00160974412206103,3.19999999999999,43,0.444444444444443
7.97379002150783e-05,0.0016626898063636,0.578875831235933,988.123555731018,0.0202266595260005,8.99999904632568e-06,6.96521491092893e-05,0.00160955152576288,3.80000000000001,42.8,0.416666666666667
7.9737897030481e-05,0.00166249116395587,0.579995993046183,994.921592376409,0.0326027402850637,8.99999904632568e-06,6.96239019893286e-05,0.00160902976488244,3.60000000000002,42.8,0.416666666666667
7.97096498671572e-05,0.00166196324395076,0.561495137528938,963.3378636527,0.0325367675976259,8.99999904632568e-06,6.95853376588857e-05,0.00160838777722194,3.19999999999999,42.8,0.416666666666667
7.96707009100097e-05,0.00166130439650193,0.582357035499264,996.854883568409,0.0296283672868565,8.99999904632568e-06,6.95525579780075e-05,0.00160788585959647,3.60000000000002,42.8,0.416666666666667
7.96373908817523e-05,0.00166078137347918,0.563208109593993,966.937039644316,0.0349228212849807,8.99999904632568e-06,6.95564144110384e-05,0.00160827105219276,4,42.8,0.416666666666667
7.96407937497207e-05,0.00166114977008218,0.59410652653753,1016.19401482667,0.0284280935265089,8.99999904632568e-06,6.95602708440693e-05,0.00160865624478906,3.80000000000001,42.8,0.416666666666667
7.96446965178075e-05,0.00166154644428817,0.575963252483074,986.863206904219,0.0308411217740293,8.99999904632568e-06,6.95755863924312e-05,0.00160883333333333,4,42.8,0.416666666666667
7.96600652081013e-05,0.00166173589990513,0.5933617623439,1017.492400355,0.0334440739729113,8.99999904632568e-06,6.96006532072046e-05,0.00160883333333333,3.19999999999999,42.8,0.416666666666667
7.96853412902137e-05,0.0016617420413819,0.601685562457297,1032.95828206184,0.036319570991534,8.99999904632568e-06,6.9625720021978e-05,0.00160883333333333,4.60000000000002,42.8,0.416666666666667
7.9710752276048e-05,0.00166174267133778,0.568804664267589,976.667936244854,0.0337491064263044,8.99999904632568e-06,6.96325814677969e-05,0.00160919701517425,3.80000000000001,42.8,0.416666666666667
7.97179597298406e-05,0.00166210681459129,0.589544765725697,1013.28242444922,0.03767753866686,8.99999904632568e-06,6.96383661173778e-05,0.00160958220777055,4.39999999999998,42.8,0.416666666666667
7.97238425195133e-05,0.00166250342307796,0.590578323602588,1015.17513405048,0.0378952046385326,8.99999904632568e-06,6.9644150766961e-05,0.00160954285476071,4,42.8,0.416666666666667
7.97297072719365e-05,0.0016624764695344,0.592715626163691,1017.93749813541,0.0357756704070884,8.99999904632568e-06,6.96499354165486e-05,0.00160870827080207,3.80000000000001,42.8,0.416666666666667
7.97355717787605e-05,0.00166164115184341,0.588635187458201,1011.87532495648,0.0375073192452973,8.99999904632568e-06,6.96557200661362e-05,0.00160787368684342,3,42.8,0.416666666666667
7.97414362822402e-05,0.00166078077016082,0.59946201241796,1028.2503969417,0.0327826157631902,8.99999904632568e-06,6.96702042277311e-05,0.00160737702184426,4.39999999999998,42.8,0.416666666666667
7.97560002976817e-05,0.00166025753030823,0.573189841569764,987.679481826935,0.0408451262677433,8.99999904632568e-06,6.96875581765339e-05,0.00160699182924796,3.80000000000001,42.8,0.416666666666667
7.97735525569911e-05,0.0016598563674937,0.577809290150691,992.02262461286,0.032492821581559,8.99999904632568e-06,6.96998036036107e-05,0.00160683675170919,5.19999999999999,42.8,0.416666666666667
7.9786036983913e-05,0.00165968915679807,0.577715831348616,992.429374052617,0.0342160155913811,8.99999904632568e-06,6.96843778713386e-05,0.00160792813073203,4,42.8,0.416666666666667
7.97707812454888e-05,0.00166077556841337,0.576727344649175,992.720921591356,0.0391965289146061,8.99999904632568e-06,6.96689521390665e-05,0.00160901950975488,4,42.8,0.416666666666667
7.97551477838836e-05,0.00166190036722401,0.575904886498016,989.744252929484,0.0355540458218872,8.99999904632568e-06,6.96653987114507e-05,0.0016095,5.60000000000002,42.8,0.416666666666667
7.97513814836777e-05,0.00166241546091476,0.588614209159519,1008.1967422822,0.0284504474844162,8.99999904632568e-06,6.96711833610471e-05,0.0016095,4.19999999999999,42.8,0.416666666666667
7.97571148495534e-05,0.00166243136631976,0.573796976984602,986.279237646668,0.0354537703589426,8.99999904632568e-06,6.96769680106436e-05,0.0016095,3.80000000000001,42.8,0.416666666666667
7.9762977567365e-05,0.00166243195917923,0.597896820449417,1025.3827054295,0.0324800953740114,8.99999904632568e-06,6.96604554654511e-05,0.00160925254293814,4,42.8,0.416666666666667
7.97465448517047e-05,0.00166218462244825,0.587582463653355,1008.25226493109,0.033449490471902,8.99999904632568e-06,6.96431015166817e-05,0.00160899574787394,4.19999999999999,42.8,0.416666666666667
7.97289671473248e-05,0.00166191987275361,0.578262765400111,992.089080198489,0.0326071370347856,8.99999904632568e-06,6.96314170253471e-05,0.00160852659663165,4.39999999999998,42.8,0.416666666666667
7.97170433096731e-05,0.00166144220706719,0.584960947519,1001.43303898967,0.0280876397464726,8.99999904632568e-06,6.96294888088209e-05,0.001607692012673,3.19999999999999,42.8,0.416666666666667
7.9714952732547e-05,0.00166059260534808,0.579096275369101,993.703731202617,0.0332064306710237,8.99999904632568e-06,6.96275605922947e-05,0.00160685742871436,4.60000000000002,42.8,0.416666666666667
7.97129960497361e-05,0.00165973164244392,0.57131053957341,982.103476264129,0.0363603108271603,8.99999904632568e-06,6.96419946703168e-05,0.00160696381524095,3.39999999999998,42.8,0.416666666666667
7.97274034846417e-05,0.00165981130009057,0.57902701441183,994.568254866256,0.0346495634922936,8.99999904632568e-06,6.96612768356124e-05,0.00160734900783725,4,42.8,0.416666666666667
7.97468818283694e-05,0.00166019921307273,0.596079315442747,1021.46730323115,0.0298748021167896,8.99999904632568e-06,6.96808970648601e-05,0.00160771168917792,4.60000000000002,42.8,0.416666666666667
7.97667672839364e-05,0.00166057426068622,0.575765921267731,990.363011857511,0.0366170965037949,8.99999904632568e-06,6.9702107446771e-05,0.00160796848424212,3.80000000000001,42.8,0.416666666666667
7.97882484355936e-05,0.00166084303020143,0.561219675533841,965.238379921757,0.0346388162871885,8.99999904632568e-06,6.97233178286819e-05,0.00160822527930632,5.19999999999999,42.8,0.416666666666667
7.98097513150017e-05,0.00166110853222594,0.595000622714327,1020.40652738998,0.0299444015324481,8.99999904632568e-06,6.97456450737375e-05,0.00160833333333333,3.80000000000001,42.8,0.416666666666667
7.98323713534098e-05,0.00166122519227988,0.573412120931873,984.834114759314,0.031253855154441,8.99999904632568e-06,6.97687836722883e-05,0.00160833333333333,5,42.8,0.416666666666667
7.98558179570771e-05,0.00166122920276722,0.589627577367527,1014.40565070094,0.0359595472979821,8.99999904632568e-06,6.9791922270839e-05,0.00160833333333333,4.19999999999999,42.8,0.416666666666667
7.9879275815647e-05,0.00166122973483662,0.591981351612263,1018.81387761673,0.0364545940878144,8.99999904632568e-06,6.98131652072416e-05,0.00160833333333333,3.39999999999998,42.8,0.416666666666667
7.99008381653208e-05,0.00166123015925056,0.56987544872331,982.917578301217,0.039055505457485,8.99999904632568e-06,6.98343755893404e-05,0.00160833333333333,4.39999999999998,42.8,0.416666666666667
7.99223421505473e-05,0.00166123054736491,0.57363918636984,985.867780054241,0.030748548314464,8.99999904632568e-06,6.98488697678079e-05,0.00160833333333333,5.19999999999999,42.8,0.416666666666667
7.99371291374246e-05,0.00166123093333884,0.577554816202908,993.91216054375,0.0340254921497325,8.99999904632568e-06,6.98527262009264e-05,0.00160833333333333,5,42.8,0.416666666666667
7.99411869171339e-05,0.00166123120244223,0.587253099461001,1011.54315951689,0.0369461330558702,8.99999904632568e-06,6.98565826340449e-05,0.00160833333333333,4.19999999999999,42.8,0.416666666666667
7.99450986028957e-05,0.00166123128134811,0.593684433264307,1019.377021551,0.0298370964125194,8.99999904632568e-06,6.98558639351453e-05,0.00160843488410872,4.39999999999998,42.8,0.416666666666667
7.99444331673552e-05,0.00166133290259168,0.579155657260751,998.820809397283,0.0391740457570528,8.99999904632568e-06,6.98539357185856e-05,0.00160856328164082,3.39999999999998,42.8,0.416666666666667
7.99424958899112e-05,0.00166146443940153,0.583163170020408,1001.74621726338,0.0301537360611449,8.99999904632568e-06,6.98542612616426e-05,0.00160869167917292,4.80000000000001,42.8,0.416666666666667
7.99427950540844e-05,0.00166159688165134,0.580809369098752,999.413129021569,0.0337667222990682,8.99999904632568e-06,6.98639023444482e-05,0.00160882007670502,4,42.8,0.416666666666667
7.99524402104505e-05,0.00166172939086529,0.570453230700306,981.374198139423,0.0321981073827467,8.99999904632568e-06,6.98735434272538e-05,0.00160894847423712,3.80000000000001,42.8,0.416666666666667
7.99622126262564e-05,0.00166186206467617,0.572966658109006,987.442184867379,0.036631230923274,8.99999904632568e-06,6.98670225494369e-05,0.00160923061530765,3.80000000000001,42.8,0.416666666666667
7.99558248142644e-05,0.0016621484893419,0.578381765424502,995.136011492586,0.0337025752015232,8.99999904632568e-06,6.98496686004002e-05,0.00160961580790395,4.39999999999998,42.8,0.416666666666667
7.99383838857654e-05,0.00166254245168789,0.579788675549646,997.405724380109,0.0339070249306258,8.99999904632568e-06,6.9832309643009e-05,0.00160999833249958,3.80000000000001,42.8,0.416666666666667
7.9920787444462e-05,0.00166293688811997,0.582833998034074,1003.67713109632,0.0370847685057931,8.99999904632568e-06,6.98130274774832e-05,0.00160935634483909,3.80000000000001,42.8,0.416666666666667
7.99012656774882e-05,0.00166230682429109,0.588052794733546,1010.26506131808,0.0323857361872443,8.99999904632568e-06,6.97937453119574e-05,0.00160871435717859,3.19999999999999,42.8,0.416666666666667
7.98817176943717e-05,0.00166164496151888,0.572544800417341,982.936680110556,0.0300292196236855,8.99999904632568e-06,6.97768145689727e-05,0.00160830723695181,4,42.8,0.416666666666667
7.98645207768249e-05,0.00166121697977243,0.569340047377579,980.919576847323,0.0382873194123431,8.99999904632568e-06,6.97633170531489e-05,0.00160824303818576,4.39999999999998,42.8,0.416666666666667
7.98507890996571e-05,0.00166113921204146,0.577145123914706,992.244101552146,0.0343631724088477,8.99999904632568e-06,6.9749819537325e-05,0.00160817883941971,4.19999999999999,42.8,0.416666666666667
7.98371046068374e-05,0.0016610723632389,0.579158033319556,996.072890664083,0.0350170413967447,8.99999904632568e-06,6.97644489413165e-05,0.00160868692679673,4.60000000000002,42.8,0.416666666666667
7.98515476763175e-05,0.00166157813995016,0.583374634638227,1002.63107369243,0.0331840501353913,8.99999904632568e-06,6.97856593233418e-05,0.00160932891445723,3.60000000000002,42.8,0.416666666666667
7.9872954721992e-05,0.00166223606078408,0.561255655718207,966.686919147933,0.0357540244651782,8.99999904632568e-06,6.98089356517026e-05,0.00160983333333333,5.39999999999998,42.8,0.416666666666667
7.9896522538788e-05,0.00166276125128473,0.583447560446203,1003.99449875884,0.0347047951675018,8.99999904632568e-06,6.98397871166271e-05,0.00160983333333333,4.39999999999998,42.8,0.416666666666667
7.99276949142268e-05,0.00166277794507181,0.561878919882918,966.26480417347,0.0308042001292564,8.99999904632568e-06,6.98706385815516e-05,0.00160983333333333,4.60000000000002,42.8,0.444444444444443
7.99589708369244e-05,0.0016627790047433,0.572383140658077,984.781636009843,0.0317208680886928,8.99999904632568e-06,6.99062580003115e-05,0.0016090396031349,4,42.8,0.416666666666667
7.99950161234058e-05,0.00166198585126852,0.583201837544717,1004.42729915823,0.0339770383092099,8.99999904632568e-06,6.99448223317346e-05,0.00160775562781391,4.19999999999999,42.8,0.416666666666667
8.00340712644581e-05,0.00166067791038324,0.596853048946092,1028.46316736749,0.0353646619182488,8.99999904632568e-06,6.99825778138688e-05,0.0016065,4.60000000000002,42.8,0.416666666666667
8.00723585398217e-05,0.00165938240794241,0.573221606001087,985.78806639812,0.0287775709049526,8.99999904632568e-06,6.99845060304478e-05,0.0016065,5.19999999999999,42.8,0.416666666666667
8.00748080940084e-05,0.00165934290562689,0.565820790558618,973.954729542402,0.0303274167792456,8.99999904632568e-06,6.99864342470267e-05,0.0016065,4.80000000000001,42.8,0.416666666666667
8.0076769664873e-05,0.00165934172342163,0.575407494307221,990.314656054118,0.0306303136447317,8.99999904632568e-06,6.9988362463606e-05,0.00160688285809571,4,42.8,0.416666666666667
8.00787245911268e-05,0.00165972457897254,0.564390238907231,973.228357061559,0.0341733817109826,8.99999904632568e-06,6.99902906801857e-05,0.00160778164082041,3.39999999999998,42.8,0.416666666666667
8.00806794269048e-05,0.0016606352664396,0.59666128254252,1027.50444908792,0.0335952923516827,8.99999904632568e-06,6.99922188967654e-05,0.00160868042354511,3.60000000000002,42.8,0.416666666666667
8.00826342614509e-05,0.00166156231976261,0.577934486962643,996.4699350137,0.0348635882520729,8.99999904632568e-06,6.99957472826904e-05,0.00160851367350342,4.39999999999998,42.8,0.416666666666667
8.00861892653254e-05,0.00166142434775588,0.593230907508164,1021.41016214844,0.0326721708520897,8.99999904632568e-06,6.9999603715852e-05,0.00160812848090712,4,42.8,0.416666666666667
8.00900941050973e-05,0.00166103493904456,0.558867315943675,964.184867408434,0.0345688686269981,8.99999904632568e-06,7.00021078932296e-05,0.00160783333333333,3.60000000000002,42.8,0.416666666666667
8.00926514526158e-05,0.00166072778543981,0.581268615592999,1001.29770680082,0.0328627870013092,8.99999904632568e-06,7.00001796766484e-05,0.00160783333333333,4.19999999999999,42.8,0.416666666666667
8.00907580580851e-05,0.00166071830636326,0.59024757391944,1015.22753351802,0.0299889257300242,8.99999904632568e-06,6.99982514600672e-05,0.00160783333333333,3.80000000000001,42.8,0.416666666666667
8.00888040601506e-05,0.00166071797953191,0.572531458411358,985.036877433674,0.0295786162041311,8.99999904632568e-06,6.99914050391224e-05,0.00160836551609138,4,42.8,0.416666666666667
8.00819310326479e-05,0.00166125011817755,0.588005545388038,1011.82013737365,0.031321912999566,8.99999904632568e-06,6.99817639562277e-05,0.00160920010005002,4,42.8,0.416666666666667
8.00721963633675e-05,0.00166210108200994,0.576831971166762,996.188678397697,0.0391841442405601,8.99999904632568e-06,6.99711612692266e-05,0.00160997065199266,3,42.8,0.416666666666667
8.00614611245161e-05,0.00166289784949828,0.581356128123644,1001.23839002716,0.03396961403937,8.99999904632568e-06,6.99383815875233e-05,0.00160926446556612,4,42.8,0.416666666666667
8.0028535266735e-05,0.00166221618081649,0.575119400172536,992.178157509744,0.0382335494843402,8.99999904632568e-06,6.990560190582e-05,0.00160855827913957,4.80000000000001,42.8,0.416666666666667
7.99953072510156e-05,0.00166148828613953,0.551699369747322,950.063876801148,0.0328675301093787,8.99999904632568e-06,6.98814115525053e-05,0.00160810947140237,3.39999999999998,42.8,0.416666666666667
7.99706644493597e-05,0.00166101633162304,0.586344582527303,1009.5527558516,0.0355657380690535,8.99999904632568e-06,6.98679140365723e-05,0.00160798107387027,4.19999999999999,42.8,0.416666666666667
7.99568313854113e-05,0.00166087287223553,0.582071064481847,1001.89921472767,0.0348556967124366,8.99999904632568e-06,6.98544165206392e-05,0.00160785267633817,4.19999999999999,42.8,0.416666666666667
7.99431455119521e-05,0.00166073978608067,0.576721419976514,993.243295367967,0.0353018156580681,8.99999904632568e-06,6.98703981805204e-05,0.00160816049691512,3.19999999999999,42.8,0.416666666666667
7.99589408185224e-05,0.00166104324222492,0.59507637030429,1022.5495843127,0.0308512192657146,8.99999904632568e-06,6.98916085627173e-05,0.00160854568951142,3.60000000000002,42.8,0.416666666666667
7.99803662770668e-05,0.00166143811839555,0.585410759445079,1009.04296982791,0.0368521550065626,8.99999904632568e-06,6.99147722032877e-05,0.0016088495914624,3.19999999999999,42.8,0.416666666666667
8.00038216567907e-05,0.00166175463637771,0.593469960295408,1020.80315382692,0.0317566060164538,8.99999904632568e-06,6.99436954518828e-05,0.00160891379022845,4.39999999999998,42.8,0.416666666666667
8.00330642849039e-05,0.00166182905691461,0.587228330034134,1012.92138792897,0.0372592150335514,8.99999904632568e-06,6.9972618700478e-05,0.0016089779889945,4.19999999999999,42.8,0.416666666666667
8.0062385714922e-05,0.00166189607165991,0.595678109249267,1022.5868940118,0.0258762530649431,8.99999904632568e-06,6.99901379253721e-05,0.00160895781223945,5.19999999999999,42.8,0.416666666666667
8.0080304194243e-05,0.00166187848263185,0.566954506575026,978.552531704398,0.0361894042859937,8.99999904632568e-06,7.00017072248569e-05,0.0016088936134734,4.80000000000001,42.8,0.416666666666667
8.00921174801974e-05,0.00166181405009423,0.587470901005481,1012.08752508014,0.0332823058992443,8.99999904632568e-06,7.00125703463213e-05,0.00160883333333333,3.60000000000002,42.8,0.416666666666667
8.01031414569376e-05,0.00166175197759623,0.569161343603687,982.164039330776,0.03564369830921,8.99999904632568e-06,7.00125703463213e-05,0.00160883333333333,3.80000000000001,42.8,0.416666666666667
8.01032915646068e-05,0.00166175024468767,0.582323742632535,1003.38763106557,0.0332664997725943,8.99999904632568e-06,7.00125703463213e-05,0.00160883333333333,4.19999999999999,42.8,0.416666666666667
8.01032936085436e-05,0.0016617501935677,0.577666149415412,995.870734304217,0.0341605226795908,8.99999904632568e-06,7.00098808598161e-05,0.00160859454727364,3.39999999999998,42.8,0.416666666666667
8.01006041498696e-05,0.00166151140595853,0.571368599854296,986.657316001597,0.0376335547354895,8.99999904632568e-06,7.00040962100703e-05,0.00160808095714524,4,42.8,0.416666666666667
8.00947828791855e-05,0.00166099036525834,0.590991722250643,1018.30256422495,0.0342989481835529,8.99999904632568e-06,6.99983115603246e-05,0.00160756736701684,3.80000000000001,42.8,0.416666666666667
8.00889189642712e-05,0.00166046051861154,0.576713711808943,993.568584609886,0.0331500814599228,8.99999904632568e-06,6.99858257319348e-05,0.0016075,4,42.8,0.416666666666667
8.0076353290049e-05,0.00166037662129921,0.56737488365758,977.616379321584,0.0330902542609199,8.99999904632568e-06,6.99723282158874e-05,0.0016075,4.60000000000002,42.8,0.416666666666667
8.00626846738521e-05,0.00166037380148607,0.573765674004879,987.122397624239,0.0304148051002615,8.99999904632568e-06,6.99583048226035e-05,0.00160762256128064,5,42.8,0.416666666666667
8.00484751622403e-05,0.00166049603764788,0.592264834569615,1018.8016965748,0.0318541272306384,8.99999904632568e-06,6.99428790900224e-05,0.00160807195264299,4,42.8,0.416666666666667
8.00328559462441e-05,0.00166094897194773,0.577283122365325,992.894904316952,0.0308010134594293,8.99999904632568e-06,6.99274533574413e-05,0.00160852134400534,3,42.8,0.444444444444443
8.00172175350478e-05,0.00166141213529826,0.576141456335573,992.289328072393,0.0341981744934326,8.99999904632568e-06,6.99159416541012e-05,0.00160871010505253,4.19999999999999,42.8,0.416666666666667
8.00054928917217e-05,0.00166161498515987,0.576702638692117,991.608344558836,0.03062176490838,8.99999904632568e-06,6.99063005712622e-05,0.00160877430381858,3,42.8,0.416666666666667
7.99956921606067e-05,0.00166168526956691,0.588235515136387,1014.79566837397,0.0397595832500276,8.99999904632568e-06,6.98929332725398e-05,0.00160879714857429,3.19999999999999,42.8,0.416666666666667
7.99821914105048e-05,0.00166171012311953,0.560743879258341,966.717505956158,0.0371368381297048,8.99999904632568e-06,6.98370149924396e-05,0.00160834775721194,3,42.8,0.416666666666667
7.99260892978207e-05,0.00166126126759263,0.600720717559156,1030.55842292767,0.0302320825348431,8.99999904632568e-06,6.97810967123393e-05,0.00160789836584959,4.39999999999998,42.8,0.416666666666667
7.98694071048815e-05,0.00166079698352114,0.572111479625001,987.256955394179,0.0424984455394386,8.99999904632568e-06,6.97503980022856e-05,0.00160785325996331,4.19999999999999,42.8,0.416666666666667
7.98379365833423e-05,0.00166073649646395,0.553692968439464,951.283098419279,0.0311482291737151,8.99999904632568e-06,6.97465415691983e-05,0.00160823845255961,4.60000000000002,42.8,0.416666666666667
7.98336516327839e-05,0.00166111926635826,0.581548679497842,999.352378219289,0.0338195633394802,8.99999904632568e-06,6.97426851361109e-05,0.00160862364515591,5,42.8,0.416666666666667
7.98297368537878e-05,0.00166151625253373,0.57112585905307,980.527804499544,0.0306070026722002,8.99999904632568e-06,6.97525315613782e-05,0.00160866666666667,3.60000000000002,42.8,0.416666666666667
7.9839529973577e-05,0.00166157151484805,0.592513901413106,1019.08823802688,0.036280950832528,8.99999904632568e-06,6.97641008606491e-05,0.00160866666666667,5,42.8,0.416666666666667
7.98512326205881e-05,0.00166157339859691,0.583652095520119,1000.42940534567,0.0271394622588279,8.99999904632568e-06,6.97751067200265e-05,0.0016086103885276,4.19999999999999,42.8,0.416666666666667
7.98623978287292e-05,0.00166151738236632,0.57399946725522,989.673436205229,0.039857271371712,8.99999904632568e-06,6.97847478027726e-05,0.00160841779222945,4.39999999999998,42.8,0.416666666666667
7.98721909422179e-05,0.00166132324339503,0.588564411897414,1011.38759156599,0.0329866267215267,8.99999904632568e-06,6.97943888855188e-05,0.0016082251959313,5.80000000000001,42.8,0.416666666666667
7.98819653726183e-05,0.00166112479795609,0.560846672262959,964.94236308503,0.0333263115806545,8.99999904632568e-06,6.98080566854493e-05,0.00160789853259963,4,42.8,0.416666666666667
7.98957662658053e-05,0.00166079215163322,0.590291216504423,1015.4618469736,0.0349823499905502,8.99999904632568e-06,6.98234824178818e-05,0.00160751334000334,4.39999999999998,42.8,0.416666666666667
7.99113799177117e-05,0.00166039688505579,0.587930328946282,1008.37276410854,0.0272242725425318,8.99999904632568e-06,6.98377512203826e-05,0.00160713456728364,3.39999999999998,42.8,0.416666666666667
7.99258613230644e-05,0.00166000612828575,0.582959958217281,1003.84633735516,0.0362435423019761,8.99999904632568e-06,6.98416076534982e-05,0.00160681357345339,4.60000000000002,42.8,0.416666666666667
7.99299149418285e-05,0.00165967327054638,0.56791900366019,979.364774092207,0.0381875022761142,8.99999904632568e-06,6.98454640866137e-05,0.00160649257962314,3,42.8,0.416666666666667
7.99338265709299e-05,0.00165934202668118,0.588184691017163,1013.09381383269,0.0371436130088432,8.99999904632568e-06,6.98473772781074e-05,0.00160626863431716,3.80000000000001,42.8,0.416666666666667
7.99357930250112e-05,0.00165910787891061,0.572442274788554,984.843873705755,0.0331215816699603,8.99999904632568e-06,6.98473772781074e-05,0.00160614023678506,4,42.8,0.416666666666667
7.99358198011779e-05,0.00165897225563194,0.590448823644039,1016.08600567391,0.0352013922624817,8.99999904632568e-06,6.98473772781074e-05,0.00160601183925296,3.60000000000002,42.8,0.416666666666667
7.99358201657748e-05,0.00165883965345549,0.594616027090045,1021.91110510341,0.0327345472355292,8.99999904632568e-06,6.98333739183949e-05,0.001606,4.60000000000002,42.8,0.416666666666667
7.99218168110268e-05,0.00165882370277063,0.566468671632524,973.810909340636,0.0316347068017583,8.99999904632568e-06,6.98179481859505e-05,0.001606,3.60000000000002,42.8,0.416666666666667
7.99062004022965e-05,0.00165882296469757,0.581400352959805,1001.59613129815,0.0380774075775558,8.99999904632568e-06,6.98049264637627e-05,0.00160577988994497,5,42.8,0.416666666666667
7.98929660397186e-05,0.00165860256019893,0.592040658578678,1017.00463583818,0.0323450776977834,8.99999904632568e-06,6.97972135975584e-05,0.00160507370351843,4.39999999999998,42.8,0.416666666666667
7.98850729681885e-05,0.00165788930981495,0.565836819615791,973.482773154607,0.0340660699678026,8.99999904632568e-06,6.9789500731354e-05,0.00160436751709188,3.19999999999999,42.8,0.416666666666667
7.98772526261977e-05,0.0016571608712253,0.588035786333603,1013.49572422946,0.0407264357141223,8.99999904632568e-06,6.97693696497838e-05,0.00160485576121394,5,42.8,0.416666666666667
7.98570150591608e-05,0.00165762639352631,0.579556146959893,995.82022435128,0.0333630556253668,8.99999904632568e-06,6.97443028347016e-05,0.00160581874270469,3.19999999999999,42.8,0.416666666666667
7.98316726798165e-05,0.00165860345699637,0.592608706584678,1018.40133133744,0.0354017552623606,8.99999904632568e-06,6.9721539862766e-05,0.00160671268967817,3.80000000000001,42.8,0.416666666666667
7.98085646340855e-05,0.0016595272579295,0.585771365916193,1006.12824102843,0.0337316378853876,8.99999904632568e-06,6.97157552131495e-05,0.00160709788227447,3.80000000000001,42.8,0.444444444444443
7.98024653344144e-05,0.0016599406918908,0.573959095005326,985.964905845871,0.033238173587845,8.99999904632568e-06,6.97099705635329e-05,0.00160748307487077,3.80000000000001,42.8,0.416666666666667
7.97965976338555e-05,0.00166033859728026,0.577327058926754,990.095282239616,0.0293896826833507,8.99999904632568e-06,6.97183144823908e-05,0.00160733066533267,4.80000000000001,43,0.444444444444443
7.98048616553338e-05,0.00166019842308668,0.589854634324411,1010.66738074873,0.0275525963091272,8.99999904632568e-06,6.97395248643508e-05,0.00160668867767217,4.60000000000002,42.8,0.416666666666667
7.98261845641098e-05,0.00165955223291728,0.590554096879294,1014.64436147684,0.0336513622111238,8.99999904632568e-06,6.97607352463107e-05,0.00160604669001167,4.39999999999998,42.8,0.416666666666667
7.98476852888571e-05,0.00165889058039676,0.580043769641112,997.345009522919,0.0340031731016293,8.99999904632568e-06,6.97837336109772e-05,0.001606,4.39999999999998,42.8,0.416666666666667
7.98709764175372e-05,0.00165882374919442,0.587186332584918,1007.42798062624,0.0287737350727842,8.99999904632568e-06,6.98068722095814e-05,0.001606,4,42.8,0.416666666666667
7.98944321591398e-05,0.00165882208205605,0.581596947936081,1002.06735415245,0.0374790877513266,8.99999904632568e-06,6.98408664170926e-05,0.00160604252126063,4,42.8,0.416666666666667
7.99287457510966e-05,0.00165886495950558,0.602294180316503,1035.63678489532,0.0329114176693467,8.99999904632568e-06,6.98967846974944e-05,0.00160617091879273,4.39999999999998,42.8,0.416666666666667
7.99851312615579e-05,0.0016589952831786,0.57593515588043,989.938778116222,0.0285595064096979,8.99999904632568e-06,6.99527029778963e-05,0.00160629931632483,4.60000000000002,42.8,0.416666666666667
8.00418173136765e-05,0.00165912870200895,0.589340473545209,1013.78674861714,0.0309779298968259,8.99999904632568e-06,6.99689350555383e-05,0.00160633333333333,3.60000000000002,42.8,0.416666666666667
8.00588212553524e-05,0.00165916784150979,0.594295311490248,1022.84616853184,0.0325803058543372,8.99999904632568e-06,6.99708632721151e-05,0.00160633333333333,4.60000000000002,42.8,0.416666666666667
8.00609810056226e-05,0.00165916935074916,0.58952055357077,1012.32058849065,0.0266985758437674,8.99999904632568e-06,6.99717197007767e-05,0.00160630656995164,4.19999999999999,42.8,0.416666666666667
8.0061866842463e-05,0.00165914267171929,0.58080397869609,999.184742133818,0.0306189770443115,8.99999904632568e-06,6.99659350510488e-05,0.00160611397365349,4,42.8,0.416666666666667
8.00560942547075e-05,0.00165894926362026,0.583102661522747,1006.31039055051,0.0383990957500769,8.99999904632568e-06,6.99601504013208e-05,0.00160592137735534,4.39999999999998,42.8,0.416666666666667
8.00502310027008e-05,0.00165875057016533,0.596294813874376,1025.98609346701,0.0323531790128934,8.99999904632568e-06,6.99585527361575e-05,0.00160597273636818,4.19999999999999,42.8,0.444444444444443
8.00485535007314e-05,0.00165879566656804,0.580788818309423,1000.31053229401,0.0334699744154142,8.99999904632568e-06,6.99604809527327e-05,0.00160622953143238,4.60000000000002,42.8,0.416666666666667
8.00504588756483e-05,0.0016590538307122,0.560788241296076,967.022057049097,0.0345893217611543,8.99999904632568e-06,6.99624091693079e-05,0.00160648632649658,4,42.8,0.416666666666667
8.00524130367075e-05,0.0016593186634987,0.55881837970459,964.849863610162,0.0372655919921324,8.99999904632568e-06,6.99625118405801e-05,0.0016065,4,42.8,0.416666666666667
8.00525423167587e-05,0.00165934058233946,0.595088734375963,1022.68012172769,0.0292175659007218,8.99999904632568e-06,6.99625118405801e-05,0.0016065,3.80000000000001,42.8,0.416666666666667
8.00525440770969e-05,0.00165934126419903,0.60291719283357,1036.33932560258,0.0301281641197041,8.99999904632568e-06,6.99683630528631e-05,0.00160656832231796,3.39999999999998,42.8,0.416666666666667
8.00583953133495e-05,0.00165940960768921,0.588265050053182,1011.12549922788,0.0285495137802321,8.99999904632568e-06,6.9985049843448e-05,0.00160676316744694,2.80000000000001,42.8,0.416666666666667
8.00751617771282e-05,0.00165960667361279,0.588677060613418,1013.67543928232,0.0325052331083327,8.99999904632568e-06,7.00017366340328e-05,0.00160695801257593,3.19999999999999,42.8,0.416666666666667
8.00920768677954e-05,0.00165980792048864,0.57051574597231,985.429802241232,0.0385599811528779,8.99999904632568e-06,6.99869026561622e-05,0.0016070058381985,4.19999999999999,42.8,0.417014178482068
8.00774732137809e-05,0.00165986228007642,0.592408985966466,1022.22365288823,0.0388835653141486,8.99999904632568e-06,6.99618149343362e-05,0.0016070058381985,4,42.8,0.417014178482068
8.00521866417108e-05,0.0016598637115917,0.58440609721817,1004.92462944566,0.0306488830008864,8.99999904632568e-06,6.99334789370393e-05,0.00160693427962244,2.60000000000002,42.8,0.417014178482068
8.00235063305168e-05,0.00165979175768411,0.580200261251812,997.140681524461,0.0302158687806295,8.99999904632568e-06,6.98878898044546e-05,0.00160648263942925,3.19999999999999,42.8,0.417014178482068
7.99775266732817e-05,0.00165933738776984,0.594012539044991,1024.14419389911,0.0402094575623289,8.99999904632568e-06,6.984230067187e-05,0.00160603099923607,3.80000000000001,42.8,0.416666666666667
7.99313114599879e-05,0.00165887085991228,0.573395208231393,985.533346160616,0.0317404909634978,8.99999904632568e-06,6.98169264815867e-05,0.00160568892779723,3.60000000000002,42.8,0.416666666666667
7.9905307981553e-05,0.00165851351974599,0.590702257703408,1014.67724846494,0.0319056393577118,8.99999904632568e-06,6.98072853988219e-05,0.00160543213273303,3.39999999999998,42.8,0.416666666666667
7.98953128231558e-05,0.00165824519287619,0.576327981107717,992.616212793438,0.037241841194467,8.99999904632568e-06,6.97976443160571e-05,0.00160517533766883,3.39999999999998,42.8,0.416666666666667
7.98855356415979e-05,0.00165797990431011,0.589226720902174,1012.62079994631,0.0328445150757222,8.99999904632568e-06,6.98103605286023e-05,0.00160516666666667,3.39999999999998,42.8,0.416666666666667
7.98981187234255e-05,0.00165796283780162,0.602810041085027,1035.20563426167,0.0317788921065871,8.99999904632568e-06,6.98238580444781e-05,0.00160516666666667,3.19999999999999,42.8,0.416666666666667
7.9911787576481e-05,0.00165796252745215,0.588457279211401,1010.35183874701,0.0294320718058577,8.99999904632568e-06,6.98523430618833e-05,0.00160519042854761,4.19999999999999,42.8,0.416666666666667
7.99404587154393e-05,0.0016579865174028,0.583628751634378,1004.32876891881,0.033045383084757,8.99999904632568e-06,6.99063331257508e-05,0.00160525462731366,4.39999999999998,42.8,0.416666666666667
7.99948391790637e-05,0.00165805195856897,0.588542184783829,1013.60146325511,0.0339560332079726,8.99999904632568e-06,6.99603231896182e-05,0.00160531882607971,5,42.8,0.416666666666667
8.00495697129841e-05,0.00165811913203197,0.5653437392417,976.135387030021,0.0375467702725798,8.99999904632568e-06,6.99755085211425e-05,0.00160533333333333,4.60000000000002,42.8,0.416666666666667
8.00655002812837e-05,0.00165813667378132,0.59383097678484,1023.12795562395,0.034883898731403,8.99999904632568e-06,6.99793649542982e-05,0.00160533333333333,4,42.8,0.416666666666667
8.00695736325744e-05,0.00165813749469959,0.58765686442635,1012.00183795334,0.0329985082146356,8.99999904632568e-06,6.99873382550712e-05,0.00160537902284476,3.39999999999998,42.8,0.416666666666667
8.00776023980207e-05,0.00165818328049715,0.57387790977954,990.285476600208,0.0359524952670902,8.99999904632568e-06,7.00143332872442e-05,0.00160563581790895,4,42.8,0.416666666666667
8.01047067536525e-05,0.00165844163480215,0.587877808882123,1012.24902542069,0.0312858691732931,8.99999904632568e-06,7.00413283194172e-05,0.00160589261297315,4.39999999999998,42.8,0.416666666666667
8.01320708515213e-05,0.00165870691167841,0.569326778466978,982.610992426211,0.0352275038439527,8.99999904632568e-06,7.00447640507741e-05,0.001606,3.39999999999998,42.8,0.416666666666667
8.0135879185347e-05,0.00165882299967401,0.561329620409422,966.519813452483,0.0296013786211792,8.99999904632568e-06,7.00312665346694e-05,0.001606,4.60000000000002,42.8,0.416666666666667
8.01224335253126e-05,0.00165882666530107,0.598712375008146,1030.54840937138,0.031914451207732,8.99999904632568e-06,7.00177690185647e-05,0.001606,4.19999999999999,42.8,0.416666666666667
8.01087529267564e-05,0.00165882654514565,0.574905061003483,989.178015175604,0.0295996198333702,8.99999904632568e-06,7.00023708318688e-05,0.00160587343671836,3.80000000000001,42.8,0.416666666666667
8.00931684585751e-05,0.0016586997402419,0.567277668461866,977.669873952967,0.0332331763668612,8.99999904632568e-06,6.99869450992223e-05,0.00160574503918626,3.19999999999999,42.8,0.416666666666667
8.00775305204561e-05,0.00165856714001708,0.593906532068747,1022.29236664204,0.0327857984648392,8.99999904632568e-06,6.99722706198043e-05,0.00160566666666667,4.60000000000002,42.8,0.416666666666667
8.00626431074937e-05,0.00165848438418632,0.578664352434737,996.994488274457,0.0341500204576535,8.99999904632568e-06,6.99587731037776e-05,0.00160566666666667,3.60000000000002,42.8,0.416666666666667
8.00489428774273e-05,0.00165848155939224,0.577530329448684,991.212136032637,0.0253935698457659,8.99999904632568e-06,6.9945275587751e-05,0.00160566666666667,4,42.8,0.416666666666667
8.00352588126034e-05,0.00165848123356923,0.582054306170802,1000.93055206056,0.0305987972695958,8.99999904632568e-06,6.99333081241206e-05,0.00160576855094214,3.80000000000001,42.8,0.416666666666667
8.00231050202894e-05,0.00165858286978543,0.575596473393865,991.049100987299,0.0333000248496257,8.99999904632568e-06,6.99217388246982e-05,0.00160589694847424,4.39999999999998,42.8,0.416666666666667
8.00113702290958e-05,0.00165871420728457,0.579267452466163,997.086322556758,0.0333488225694668,8.99999904632568e-06,6.9905221270839e-05,0.00160612673003168,3.19999999999999,42.8,0.416666666666667
7.99946928887825e-05,0.00165894785700763,0.579604762884244,996.491883520586,0.0315528013659273,8.99999904632568e-06,6.98685851561776e-05,0.00160676871769218,3,42.8,0.416666666666667
7.9957829687586e-05,0.00165959679915972,0.599359761364006,1029.93711610583,0.0328578884060528,8.99999904632568e-06,6.98319490415163e-05,0.00160741070535268,4.39999999999998,42.8,0.416666666666667
7.99206916261827e-05,0.00166025826677225,0.57357853384197,987.852145064251,0.0362009518584207,8.99999904632568e-06,6.9826617647914e-05,0.00160743505085876,4.19999999999999,42.8,0.416666666666667
7.99148545432122e-05,0.00166030247581281,0.586688485938188,1006.77262735454,0.0282887930335709,8.99999904632568e-06,6.98420433803703e-05,0.00160704985826246,3.19999999999999,42.8,0.416666666666667
7.99302007951925e-05,0.00165991855245072,0.589580633233041,1013.79166117387,0.0329652451476291,8.99999904632568e-06,6.98574691128269e-05,0.00160666733366683,4.39999999999998,42.8,0.416666666666667
7.99458354894573e-05,0.00165952439086045,0.575300509557555,987.734123201724,0.0279296450360546,8.99999904632568e-06,6.98728948453307e-05,0.00160679573119893,4,42.8,0.416666666666667
7.99614741113357e-05,0.00165964083896914,0.583675198073618,1005.76659999057,0.0367144094142469,8.99999904632568e-06,6.98883205778345e-05,0.00160692412873103,3.80000000000001,42.8,0.416666666666667
7.99771127866944e-05,0.00165977311901481,0.597613143967238,1029.18646406884,0.0360667527730171,8.99999904632568e-06,6.99069015738415e-05,0.001607,4.19999999999999,42.8,0.416666666666667
7.99959067262844e-05,0.00165985336368035,0.59346295871467,1020.29135105136,0.0309301513443389,8.99999904632568e-06,6.99300401726864e-05,0.001607,4.39999999999998,42.8,0.416666666666667
8.0019301232279e-05,0.00165985617854564,0.590920973114847,1019.25627142779,0.0380262172512072,8.99999904632568e-06,6.99531787715314e-05,0.001607,3.60000000000002,42.8,0.416666666666667
8.00427583817566e-05,0.00165985667263787,0.562946027133213,968.925638043306,0.0307326248728934,8.99999904632568e-06,6.99543707599506e-05,0.00160705219276305,4.19999999999999,42.8,0.416666666666667
8.00442697737917e-05,0.00165990928862501,0.59373334837531,1020.79220594619,0.0304912363123507,8.99999904632568e-06,6.99505143268024e-05,0.0016071163915291,4.19999999999999,42.8,0.416666666666667
8.00404339204706e-05,0.00165997514507461,0.567391472726998,977.986313516139,0.0345271085853962,8.99999904632568e-06,6.99466578936548e-05,0.00160715274303819,3.60000000000002,42.8,0.416666666666667
8.00365252565342e-05,0.00166001347181348,0.581536904120748,1001.30610193475,0.0332970204444516,8.99999904632568e-06,6.99428014605095e-05,0.00160708854427214,4.80000000000001,42.8,0.416666666666667
8.00326156011764e-05,0.00165995039343003,0.58442949589996,1006.54812558894,0.0342454092551518,8.99999904632568e-06,6.99389450273642e-05,0.00160702434550609,4,42.8,0.416666666666667
8.00287059323189e-05,0.00165988417088111,0.572289929474508,988.695032183193,0.0402198848732503,8.99999904632568e-06,6.99458615652601e-05,0.00160688044022011,3.60000000000002,42.8,0.416666666666667
8.00355692343188e-05,0.00165973814432462,0.579854093549227,997.346870953583,0.0302390361185727,8.99999904632568e-06,6.99593590812816e-05,0.00160668784392196,4.60000000000002,42.8,0.416666666666667
8.00491602042989e-05,0.00165954113970271,0.574931785925236,988.678109010477,0.0290880531793201,8.99999904632568e-06,6.99721429067529e-05,0.00160650475237619,3.80000000000001,42.8,0.416666666666667
8.00621290908305e-05,0.00165935217620655,0.563179283301582,967.931684226242,0.0274348886732541,8.99999904632568e-06,6.99567171741599e-05,0.00160669734867434,4,42.8,0.416666666666667
8.00468799487161e-05,0.00165953913905832,0.588917248360118,1014.23251572478,0.0344518079271681,8.99999904632568e-06,6.99412914415669e-05,0.00160688994497249,5,42.8,0.416666666666667
8.00312465766085e-05,0.0016597372671191,0.576813305630935,994.134542708139,0.0358009057583452,8.99999904632568e-06,6.99184283022556e-05,0.00160694497248624,3.80000000000001,42.8,0.416666666666667
8.00081705659258e-05,0.00165979816590036,0.58174894568429,1002.3100447646,0.036291752310839,8.99999904632568e-06,6.98856486206534e-05,0.00160681657495414,3.80000000000001,42.8,0.416666666666667
7.99750766704734e-05,0.00165967125530785,0.580738915898128,1000.62166241844,0.0371699814346699,8.99999904632568e-06,6.98528689390512e-05,0.00160668817742204,3.19999999999999,42.8,0.416666666666667
7.99418463667748e-05,0.00165953834732866,0.584509039126155,1003.16709365305,0.0286969060445817,8.99999904632568e-06,6.98329306790077e-05,0.00160661322327831,3.60000000000002,42.8,0.416666666666667
7.99214556272359e-05,0.00165945869441194,0.585393671001742,1005.13497278069,0.030277610495646,8.99999904632568e-06,6.9815576730011e-05,0.00160654902451226,3.80000000000001,42.8,0.416666666666667
7.99038240283081e-05,0.00165939167136096,0.582839075945318,1000.8299852943,0.0307114490431523,8.99999904632568e-06,6.97991343015776e-05,0.0016065,3.60000000000002,42.8,0.416666666666667
7.98871415197039e-05,0.00165934026214266,0.570021133431152,978.574875240475,0.0295621401020542,8.99999904632568e-06,6.97856367857329e-05,0.0016065,3.80000000000001,42.8,0.416666666666667
7.98734168469502e-05,0.00165933837806024,0.569968658690833,979.407159122537,0.0320604277278634,8.99999904632568e-06,6.97721392698883e-05,0.0016065,4.39999999999998,42.8,0.416666666666667
7.98597324494851e-05,0.00165933808097972,0.592821800260623,1018.10641653071,0.0326317794190341,8.99999904632568e-06,6.97672836700325e-05,0.0016066644155411,3.60000000000002,42.8,0.416666666666667
7.98546905164162e-05,0.00165950224934695,0.562827531401642,968.978929381101,0.035946836833566,8.99999904632568e-06,6.97672836700325e-05,0.0016069212106053,3,42.8,0.416666666666667
7.98546218630764e-05,0.0016597640469089,0.58915648725653,1012.67674541885,0.0343676751720134,8.99999904632568e-06,6.97682202323571e-05,0.00160716666666667,4.60000000000002,42.8,0.416666666666667
7.98555574905848e-05,0.00166001761902259,0.575380437500216,988.891848477379,0.0324636468790847,8.99999904632568e-06,6.97894306144151e-05,0.00160716666666667,3.39999999999998,42.8,0.416666666666667
7.98767806125884e-05,0.00166002549750199,0.587364229020531,1008.23090919118,0.0298692970445923,8.99999904632568e-06,6.9810640996473e-05,0.00160716666666667,5,42.8,0.416666666666667
7.989827997869e-05,0.00166002611083675,0.591410151160503,1016.68637249167,0.0333320377324485,8.99999904632568e-06,6.98266677314534e-05,0.00160725295981324,3.80000000000001,42.8,0.416666666666667
7.9914599459184e-05,0.00166011279686007,0.58695752745409,1009.3904547238,0.0335685069146296,8.99999904632568e-06,6.98363088142367e-05,0.00160744555611139,4.80000000000001,42.8,0.416666666666667
7.99244627557144e-05,0.00166030836471382,0.584293650658628,1005.68002993846,0.035156437793057,8.99999904632568e-06,6.98459498970201e-05,0.00160763815240954,3.60000000000002,42.8,0.416666666666667
7.99342381417974e-05,0.00166050719626844,0.59296009083184,1019.1550567054,0.0326611769279839,8.99999904632568e-06,6.98391635764115e-05,0.00160662748040687,4.39999999999998,42.8,0.416666666666667
7.99275849274584e-05,0.00165950285918723,0.600210986710951,1030.66067968716,0.0312232908669548,8.99999904632568e-06,6.98295224936282e-05,0.00160540770385193,4,42.8,0.416666666666667
7.99178532513692e-05,0.00165825182664987,0.569297712845731,980.696172755393,0.0364780780631268,8.99999904632568e-06,6.98213613796579e-05,0.0016045,4.19999999999999,42.8,0.416666666666667
7.99095596263052e-05,0.00165730516429001,0.588609435705516,1009.68988454298,0.0281655522858182,8.99999904632568e-06,6.98175049465497e-05,0.0016045,4.60000000000002,42.8,0.416666666666667
7.99055902632848e-05,0.00165727566803354,0.583266441423646,1002.80762311025,0.0333042654657327,8.99999904632568e-06,6.98136485134416e-05,0.0016045,3.80000000000001,42.8,0.416666666666667
7.99016797814568e-05,0.00165727468445353,0.595600902054363,1023.4184131191,0.0332761064454438,8.99999904632568e-06,6.97996151036412e-05,0.00160496589961647,4.19999999999999,42.8,0.416666666666667
7.98875931246905e-05,0.00165774048557261,0.589414093479249,1014.37868728754,0.0370509644520787,8.99999904632568e-06,6.97803329381451e-05,0.00160567208604302,4.19999999999999,42.8,0.416666666666667
7.98681191486289e-05,0.00165846086958372,0.586634520145577,1008.63593004157,0.0350346028296009,8.99999904632568e-06,6.97612961820314e-05,0.00160633333333333,4.19999999999999,42.8,0.416666666666667
7.98488172256681e-05,0.00165914411432613,0.556000981988095,955.365721415608,0.0315991836677292,8.99999904632568e-06,6.9745870449688e-05,0.00160633333333333,4.19999999999999,42.8,0.416666666666667
7.98331286692337e-05,0.0016591649632369,0.591670848767819,1014.72170822518,0.0301650608205602,8.99999904632568e-06,6.97304447173446e-05,0.00160633333333333,3,42.8,0.416666666666667
7.9817489314103e-05,0.00165916533686067,0.573981332027294,985.743618404777,0.0324198303944792,8.99999904632568e-06,6.97182672176323e-05,0.00160660464496913,3.80000000000001,42.8,0.416666666666667
7.98050988615516e-05,0.0016594363881229,0.592054931442097,1017.90028730252,0.0367348619842972,8.99999904632568e-06,6.97097890939722e-05,0.00160718495041238,3.80000000000001,42.8,0.416666666666667
7.97964520236429e-05,0.00166002488226901,0.586527859746477,1007.11310174667,0.0334270592340304,8.99999904632568e-06,6.97013109703121e-05,0.00160776525585562,3.80000000000001,42.8,0.416666666666667
7.97878561605577e-05,0.00166062328408869,0.583247591904796,1003.47855245697,0.0382089772423877,8.99999904632568e-06,6.96884489950937e-05,0.00160783986655546,3.80000000000001,42.8,0.417014178482068
7.97748771400115e-05,0.00166071629924687,0.574621208108445,990.687153430003,0.0425645341509992,8.99999904632568e-06,6.96749402221046e-05,0.00160783986655546,4.39999999999998,42.8,0.417014178482068
7.97611916385542e-05,0.00166071895756083,0.595772701122816,1020.89201219411,0.0303351835583469,8.99999904632568e-06,6.96584630286652e-05,0.00160760939213004,4.39999999999998,42.8,0.417014178482068
7.97445280968693e-05,0.00166048832757674,0.58574328647924,1005.61472982016,0.0347616711807295,8.99999904632568e-06,6.96341727285694e-05,0.0016067722916226,3.19999999999999,42.8,0.417014178482068
7.9720010898127e-05,0.00165964378643121,0.580307571371363,997.348587481967,0.0374478286499874,8.99999904632568e-06,6.96098824284735e-05,0.00160593519111516,4.60000000000002,42.8,0.416666666666667
7.96953867602843e-05,0.00165878007390129,0.58175607121302,998.628320759128,0.0346231386637116,8.99999904632568e-06,6.96138777675148e-05,0.00160601550775388,4.39999999999998,42.8,0.416666666666667
7.96990468054454e-05,0.00165883318223358,0.571084828471013,981.309491604063,0.0356632817227779,8.99999904632568e-06,6.96312317162441e-05,0.00160652909788227,4.39999999999998,42.8,0.416666666666667
7.97164505910767e-05,0.00165934848267475,0.579765291946526,997.500674417374,0.0389370001809721,8.99999904632568e-06,6.9649066467024e-05,0.001607,4.60000000000002,42.8,0.416666666666667
7.97345223200139e-05,0.00165983566474178,0.586759258211114,1005.72630389388,0.0299766008225016,8.99999904632568e-06,6.96722050654233e-05,0.001607,3.19999999999999,42.8,0.416666666666667
7.97579069916018e-05,0.00165985108447315,0.597387126789929,1025.84346679001,0.0346901787123646,8.99999904632568e-06,6.96953436638226e-05,0.001607,4.19999999999999,42.8,0.416666666666667
7.97813640067239e-05,0.00165985196921847,0.561029833661719,963.650806974889,0.0318536204605095,8.99999904632568e-06,6.97166041292747e-05,0.00160674987493747,3.60000000000002,42.8,0.416666666666667
7.98029438739624e-05,0.00165960227949022,0.590223644518564,1014.56693156546,0.0354435292051621,8.99999904632568e-06,6.97358862946891e-05,0.00160623628480907,3.39999999999998,42.8,0.416666666666667
7.9822519881032e-05,0.00165908132278855,0.576016742199768,988.012961968647,0.028744852865925,8.99999904632568e-06,6.97551684601035e-05,0.00160572269468067,3.80000000000001,42.8,0.416666666666667
7.98420686025959e-05,0.0016585519203881,0.59158804595285,1017.90322926324,0.0371630822254632,8.99999904632568e-06,6.97641434316604e-05,0.00160566666666667,4,42.8,0.416666666666667
7.98513097587699e-05,0.00165847981776182,0.585383773099392,1005.41015242726,0.0321109377447014,8.99999904632568e-06,6.97718562978469e-05,0.00160566666666667,2.80000000000001,42.8,0.416666666666667
7.98591484568995e-05,0.00165847774285891,0.574165800822995,987.742208425548,0.034849453933275,8.99999904632568e-06,6.97784322675255e-05,0.00160555310988828,3.60000000000002,42.8,0.416666666666667
7.98658311619906e-05,0.00165836425805627,0.591831854691891,1015.44811497918,0.0298730353032691,8.99999904632568e-06,6.97822887006232e-05,0.00160516791729198,3,42.8,0.416666666666667
7.98697785899542e-05,0.00165797566297927,0.596777129931996,1023.27051685821,0.028549450273547,8.99999904632568e-06,6.97861451337209e-05,0.00160478272469568,4.39999999999998,42.8,0.416666666666667
7.98736887730937e-05,0.00165757849031998,0.5712082848354,982.405940376133,0.0334984414071315,8.99999904632568e-06,6.97994322986925e-05,0.0016054292146073,4.19999999999999,42.8,0.416666666666667
7.9887029180964e-05,0.00165821273356604,0.606941320079134,1042.10080197559,0.0318269614998842,8.99999904632568e-06,6.9816786247669e-05,0.00160652059363015,4.19999999999999,42.8,0.416666666666667
7.9904564779229e-05,0.00165932400979706,0.582996457671514,1003.47748816568,0.035434414722674,8.99999904632568e-06,6.98337445366299e-05,0.00160739461397365,3.39999999999998,42.8,0.416666666666667
7.99217618411702e-05,0.0016602327910957,0.580848251450379,998.177244398272,0.031130303657051,8.99999904632568e-06,6.98472420525422e-05,0.00160636743371686,3.80000000000001,42.8,0.416666666666667
7.99354935203926e-05,0.00165923408738719,0.57915970133939,999.505937300671,0.0405858201521337,8.99999904632568e-06,6.98607395684544e-05,0.00160534025346006,4.39999999999998,42.8,0.416666666666667
7.99491780133286e-05,0.00165817618029514,0.570957829146208,982.22226181041,0.0323193193855821,8.99999904632568e-06,6.9868377309371e-05,0.00160493088210772,3.60000000000002,42.8,0.416666666666667
7.99570020887583e-05,0.00165773424563799,0.588165602013408,1009.91910163042,0.0291004131583105,8.99999904632568e-06,6.98703055259329e-05,0.00160512347840587,3.39999999999998,42.8,0.416666666666667
7.99590368416231e-05,0.00165791327544846,0.562603471791005,968.315016442216,0.0326889546045321,8.99999904632568e-06,6.98722337424948e-05,0.00160531607470402,4.39999999999998,42.8,0.444444444444443
7.99609927643401e-05,0.00165811145809438,0.58122489870591,999.773474050187,0.0334254293933244,8.99999904632568e-06,6.98460751059356e-05,0.00160486576621644,4.19999999999999,42.8,0.416666666666667
7.99348607605476e-05,0.00165766732843301,0.595480611487212,1022.94833626361,0.0321688908793629,8.99999904632568e-06,6.98171518575856e-05,0.00160435217608804,4.39999999999998,42.8,0.416666666666667
7.99055816865032e-05,0.00165713951328521,0.573433629280731,983.215227973619,0.0266343717684245,8.99999904632568e-06,6.97973187730027e-05,0.00160410088377522,3.80000000000001,42.8,0.416666666666667
7.98853499242324e-05,0.00165687134649099,0.597394294542313,1025.9480573113,0.0321678562103076,8.99999904632568e-06,6.97973187730027e-05,0.00160442187760547,3,42.8,0.416666666666667
7.98850744390106e-05,0.00165718367377484,0.58373087054999,1003.68799622504,0.0339590420901306,8.99999904632568e-06,6.97973187730027e-05,0.00160474287143572,4,42.8,0.416666666666667
7.98850706878739e-05,0.00165751434677584,0.573942164885479,991.16837893946,0.042333863737587,8.99999904632568e-06,6.98333238349644e-05,0.00160510997165249,5,42.8,0.416666666666667
7.99210756987583e-05,0.00165789169971251,0.605255907955766,1040.53525432908,0.0330570569593642,8.99999904632568e-06,6.98834574655439e-05,0.00160549516424879,3.60000000000002,42.8,0.416666666666667
7.99716995905555e-05,0.00165828921854668,0.58374197818802,1005.87267074578,0.0356228593995521,8.99999904632568e-06,6.99298248134029e-05,0.00160587251959313,4.19999999999999,42.8,0.416666666666667
8.00187562572129e-05,0.00165867977960163,0.570755426078283,982.529352241639,0.0318041785397778,8.99999904632568e-06,6.99491069791442e-05,0.00160619351342338,3.60000000000002,42.8,0.416666666666667
8.00386791687317e-05,0.0016590137013792,0.590624815035349,1016.58518416133,0.0324870756129628,8.99999904632568e-06,6.99683891448854e-05,0.00160651450725363,4.60000000000002,42.8,0.416666666666667
8.00582326142371e-05,0.00165934539517183,0.596164515395425,1025.01129949371,0.0299088991925144,8.99999904632568e-06,6.99826003514691e-05,0.00160666666666667,4.19999999999999,42.8,0.416666666666667
8.00727100697614e-05,0.001659508179042,0.57710821993625,996.078980668016,0.0373026550871378,8.99999904632568e-06,6.99922414343676e-05,0.00160666666666667,5.19999999999999,42.8,0.416666666666667
8.00825482845257e-05,0.00165951347804159,0.551346896959017,949.641194097768,0.0303682224794747,8.99999904632568e-06,7.00018825172661e-05,0.00160666666666667,5.19999999999999,42.8,0.416666666666667
8.00923233291987e-05,0.00165951381342145,0.606080213858007,1042.95103865236,0.0319620777488123,8.99999904632568e-06,7.00133165911887e-05,0.00160630848757712,4.39999999999998,42.8,0.416666666666667
8.01038905047422e-05,0.00165915581471221,0.56537382190557,975.742693848701,0.0352936135492822,8.99999904632568e-06,7.00248858906914e-05,0.00160592329498082,4,42.8,0.416666666666667
8.01156173083652e-05,0.00165875972322055,0.594732082175566,1022.66411444082,0.0286929906190786,8.99999904632568e-06,7.00345244694363e-05,0.00160562381190595,5.39999999999998,42.8,0.416666666666667
8.01254155648017e-05,0.00165844816292848,0.589921455046458,1016.87881868044,0.0340982824288448,8.99999904632568e-06,7.00403091191977e-05,0.00160549541437385,3.19999999999999,42.8,0.416666666666667
8.01313336322462e-05,0.00165831027560154,0.588961530312938,1017.22353742327,0.0385821117783535,8.99999904632568e-06,7.00460937689591e-05,0.00160536701684175,3.60000000000002,42.8,0.416666666666667
8.01371988652064e-05,0.00165817770567211,0.580905929235317,1000.81100298664,0.0323401689383043,8.99999904632568e-06,7.00319652001721e-05,0.00160580690345173,3.60000000000002,42.8,0.416666666666667
8.0123150160199e-05,0.00165861358383622,0.601641667800465,1036.99616854214,0.0356982637517888,8.99999904632568e-06,7.00107548177464e-05,0.00160644889111222,3.80000000000001,42.8,0.416666666666667
8.01017484839768e-05,0.0016592688419557,0.587867375431401,1011.25734731681,0.0303303090797436,8.99999904632568e-06,6.99898173906663e-05,0.00160702726363182,3.19999999999999,42.8,0.416666666666667
8.00805196415746e-05,0.00165986715912476,0.573486277570277,988.584101188358,0.034632440647539,8.99999904632568e-06,6.99705352249028e-05,0.00160721985992996,3.80000000000001,42.8,0.416666666666667
8.00609484138758e-05,0.00166007793757739,0.58703218194044,1011.28883154537,0.0347488191053899,8.99999904632568e-06,6.99512530591393e-05,0.00160741245622811,4,42.8,0.416666666666667
8.0041399757041e-05,0.00166027672890201,0.56639837500926,975.431913873807,0.032877511106621,8.99999904632568e-06,6.99309191389264e-05,0.0016071148074037,4.19999999999999,42.8,0.416666666666667
8.00207996530923e-05,0.00165998490382592,0.566776928997027,974.275526973616,0.0292127579386164,8.99999904632568e-06,6.99097087566723e-05,0.00160640862097716,3,42.8,0.416666666666667
7.99993087701024e-05,0.0016592693109035,0.593715680300296,1022.33220590122,0.035872675715228,8.99999904632568e-06,6.98884983744182e-05,0.00160570243455061,3.80000000000001,42.8,0.416666666666667
7.99778057578447e-05,0.00165854056322456,0.589371469967121,1014.84887401712,0.0360441683875692,8.99999904632568e-06,6.98672879922495e-05,0.00160597140236785,4,42.8,0.416666666666667
7.99563025805146e-05,0.00165878656170457,0.590869804023326,1015.65215363819,0.0325246648902694,8.99999904632568e-06,6.98460776100853e-05,0.0016062923961981,3.60000000000002,42.8,0.416666666666667
7.99347994009413e-05,0.00165911480899153,0.591644412359885,1016.89251577194,0.0328597393080922,8.99999904632568e-06,6.98275917728957e-05,0.0016065,3,42.8,0.416666666666667
7.9916020766312e-05,0.0016593322164412,0.575760860112802,989.409837501402,0.0315443563280016,8.99999904632568e-06,6.98140942570199e-05,0.0016065,4.80000000000001,42.8,0.416666666666667
7.9902267551686e-05,0.00165933863078779,0.57672274142507,991.607262320466,0.0332408958916056,8.99999904632568e-06,6.9800596741144e-05,0.0016065,4.60000000000002,42.8,0.416666666666667
7.98885827655502e-05,0.00165933859051048,0.598420209996227,1029.86614659831,0.0366102925369089,8.99999904632568e-06,6.98265174808889e-05,0.00160654860763715,4.39999999999998,42.8,0.416666666666667
7.99143171667897e-05,0.00165938695892939,0.571232266225565,984.969340660421,0.0377350034213204,8.99999904632568e-06,6.98650818120594e-05,0.0016066128064032,3.80000000000001,42.8,0.416666666666667
7.99532319097106e-05,0.00165945310490185,0.583432018434564,1004.32301364487,0.0339323010016902,8.99999904632568e-06,6.99017830353109e-05,0.00160661497415374,5.19999999999999,42.8,0.416666666666667
7.99904630144642e-05,0.00165945800026375,0.591511131612434,1017.5967901188,0.0323860739987871,8.99999904632568e-06,6.9928778067307e-05,0.0016062939803235,3.39999999999998,42.8,0.416666666666667
8.00179650027507e-05,0.00165913780564254,0.583354745503525,1007.2899349604,0.0398121413367049,8.99999904632568e-06,6.99557730993031e-05,0.00160597298649325,3.60000000000002,42.8,0.416666666666667
8.00453345147965e-05,0.0016588073621593,0.582322398726898,1001.69100189469,0.0306931339697955,8.99999904632568e-06,6.99577138367516e-05,0.00160536184759046,3,42.8,0.416666666666667
8.00476479284358e-05,0.00165818645352555,0.599234510094439,1030.7467468218,0.0323708416113242,8.99999904632568e-06,6.99403598875945e-05,0.00160452726363182,4,42.8,0.444444444444443
8.00303254798105e-05,0.00165733265801885,0.579368132236856,994.597525797834,0.0266248038266909,8.99999904632568e-06,6.99230059384375e-05,0.00160369267967317,3.80000000000001,42.8,0.416666666666667
8.0012735660019e-05,0.0016564713002107,0.582330867599557,1003.29243620616,0.0350534625116121,8.99999904632568e-06,6.99336737340167e-05,0.00160441303985326,4,42.8,0.416666666666667
8.0023163944312e-05,0.00165716464741658,0.580268197916171,999.817296671878,0.034768242779178,8.99999904632568e-06,6.99452430334481e-05,0.00160518342504586,4,42.8,0.416666666666667
8.0034875240183e-05,0.00165795671174374,0.575233457555482,992.647363360064,0.0377076311933494,8.99999904632568e-06,6.99517814405503e-05,0.00160566666666667,3.80000000000001,42.8,0.416666666666667
8.0041573113816e-05,0.00165846471561442,0.571817365270255,985.130422598736,0.0336717544583734,8.99999904632568e-06,6.99498532239765e-05,0.00160566666666667,3.60000000000002,42.8,0.416666666666667
8.00397360986501e-05,0.00165848058315888,0.595306721635802,1024.62517031957,0.033365294603416,8.99999904632568e-06,6.99479250074028e-05,0.00160566666666667,3.60000000000002,42.8,0.416666666666667
8.0037782868411e-05,0.00165848104320051,0.562511642179789,968.117871726146,0.0310648833240538,8.99999904632568e-06,6.9934016806324e-05,0.00160551709187927,5,42.8,0.416666666666667
8.00238480712277e-05,0.0016583314487117,0.574048765353857,988.354054716791,0.0332369574717315,8.99999904632568e-06,6.99166628571937e-05,0.00160532449558112,3.80000000000001,42.8,0.416666666666667
8.00063043793235e-05,0.00165813397179791,0.575177027044471,991.706661802687,0.0370742697106946,8.99999904632568e-06,6.98989608274226e-05,0.00160516666666667,4.19999999999999,42.8,0.416666666666667
7.99883634663652e-05,0.00165796971487802,0.573373094579234,991.21893422836,0.043507791097554,8.99999904632568e-06,6.98796786617928e-05,0.00160516666666667,3.80000000000001,42.8,0.416666666666667
7.99688370087988e-05,0.00165796430997808,0.587729950175816,1011.83652769007,0.0356424743022992,8.99999904632568e-06,6.9860396496163e-05,0.00160516666666667,4.39999999999998,42.8,0.416666666666667
7.9949288961709e-05,0.00165796380284254,0.584011496261871,1004.83009022019,0.0341944684953441,8.99999904632568e-06,6.98490024892084e-05,0.00160516666666667,3.60000000000002,42.8,0.416666666666667
7.99376287793212e-05,0.00165796344719074,0.577842700188074,992.124947929005,0.0289210494938219,8.99999904632568e-06,6.98432178395339e-05,0.00160516666666667,4.39999999999998,42.8,0.416666666666667
7.99316853591013e-05,0.00165796323340058,0.575107162597156,991.504312156249,0.0384391270947994,8.99999904632568e-06,6.98374331898595e-05,0.00160516666666667,4.19999999999999,42.8,0.416666666666667
7.99258197810126e-05,0.00165796312341968,0.585768996620237,1006.4128301397,0.0314351302084976,8.99999904632568e-06,6.98297428612333e-05,0.00160497632149408,4.80000000000001,42.8,0.416666666666667
7.99180495839074e-05,0.00165777267283851,0.572405422985221,986.597385727249,0.0380043069052582,8.99999904632568e-06,6.98220299950111e-05,0.00160478372519593,3.19999999999999,42.8,0.416666666666667
7.99102309150149e-05,0.00165757403634672,0.596248029930203,1025.27509973598,0.0340215368949845,8.99999904632568e-06,6.98400300218796e-05,0.00160486810071703,3.60000000000002,42.8,0.444444444444443
7.99281244791985e-05,0.00165765211702046,0.584655462167583,1005.49642779226,0.0319323810818175,8.99999904632568e-06,6.98978765188359e-05,0.00160538169084542,4.39999999999998,42.8,0.416666666666667
7.9986214623368e-05,0.00165816843926088,0.592687364111709,1020.97441778985,0.0349784451493052,8.99999904632568e-06,6.99557230157922e-05,0.00160589528097382,4.19999999999999,42.8,0.416666666666667
8.0044852103138e-05,0.00165869904852926,0.573913052729869,989.817929958472,0.0352855489972301,8.99999904632568e-06,6.99920786628848e-05,0.00160538669334667,3.80000000000001,42.8,0.416666666666667
8.00820061858242e-05,0.00165820793254081,0.581869848885885,1002.07828449432,0.0317219143600315,8.99999904632568e-06,7.00229301282015e-05,0.00160461630815408,4.39999999999998,42.8,0.416666666666667
8.01133635586625e-05,0.00165742296598288,0.580678085209925,1001.95168782393,0.0354706657553145,8.99999904632568e-06,7.0049539517045e-05,0.001604,3.39999999999998,42.8,0.416666666666667
8.0140399924291e-05,0.0016567828645868,0.578378823364838,999.581420687064,0.0387642943757566,8.99999904632568e-06,7.00591805999956e-05,0.001604,3,42.8,0.416666666666667
8.01504091471535e-05,0.0016567634878674,0.609259544240795,1048.42022094435,0.0306822679926767,8.99999904632568e-06,7.00688216829461e-05,0.001604,3.80000000000001,42.8,0.416666666666667
8.01601865204055e-05,0.00165676306113025,0.5905376964398,1017.60955972547,0.0322979516895729,8.99999904632568e-06,7.00807916508879e-05,0.00160419384692346,3,42.8,0.416666666666667
8.01722896216751e-05,0.00165695706484446,0.590351860777349,1015.26207266439,0.0271170206238867,8.99999904632568e-06,7.00942891670499e-05,0.00160451484075371,3.80000000000001,42.8,0.416666666666667
8.0185951939375e-05,0.00165728428438248,0.591257013382173,1018.03492469993,0.0297138317227026,8.99999904632568e-06,7.01076664826968e-05,0.00160483233283308,4,42.8,0.416666666666667
8.01995152875865e-05,0.00165761215974825,0.581722069201102,1004.79600992782,0.036556994590133,8.99999904632568e-06,7.01057382661e-05,0.00160470393530098,4,42.8,0.416666666666667
8.0197771755939e-05,0.00165749416411601,0.58917470292712,1014.83292699632,0.0305729166682014,8.99999904632568e-06,7.01038100495032e-05,0.00160457553776888,3.60000000000002,42.8,0.416666666666667
8.01958197985926e-05,0.00165736207771457,0.571103236843967,989.497043778552,0.0427686400265952,8.99999904632568e-06,7.0103469481377e-05,0.0016045,4.19999999999999,42.8,0.416666666666667
8.01954526516941e-05,0.00165728241055622,0.574718230244675,988.007142536201,0.0249694267603339,8.99999904632568e-06,7.01053976979738e-05,0.0016045,3.80000000000001,42.8,0.416666666666667
8.01973758690455e-05,0.00165727993402679,0.587586178457783,1011.59109506751,0.0291662413058194,8.99999904632568e-06,7.01073259145706e-05,0.0016045,3,42.8,0.416666666666667
8.01993302730772e-05,0.00165727989068346,0.597389260464693,1030.66809640368,0.0356101051970611,8.99999904632568e-06,7.00888100269266e-05,0.00160413348340837,3.80000000000001,42.8,0.416666666666667
8.01808409975208e-05,0.00165691340673373,0.583305262218222,1003.72497892704,0.0287753293260141,8.99999904632568e-06,7.00656714278142e-05,0.00160368409204602,2.60000000000002,42.8,0.416666666666667
8.01574506397079e-05,0.00165645233072238,0.576690090157883,993.270226550629,0.0310433773599976,8.99999904632568e-06,7.00446488586097e-05,0.00160333333333333,4.19999999999999,42.8,0.416666666666667
8.01361095763544e-05,0.00165608686923035,0.567226643088737,978.265683376791,0.0337194272673485,8.99999904632568e-06,7.00311513425102e-05,0.00160333333333333,4.80000000000001,42.8,0.416666666666667
8.01223214702662e-05,0.00165607516669276,0.593538385259156,1023.8593064243,0.0367697324098937,8.99999904632568e-06,7.00176538264107e-05,0.00160333333333333,3.39999999999998,42.8,0.416666666666667
8.0108636208808e-05,0.00165607456408,0.598832142415062,1033.0597728116,0.0377809591722083,8.99999904632568e-06,7.00041563103339e-05,0.00160333333333333,3.60000000000002,42.8,0.416666666666667
8.00949523477536e-05,0.00165607430741783,0.58221644101552,1003.09250001172,0.0335647611198863,8.99999904632568e-06,6.99906587942709e-05,0.00160333333333333,4.80000000000001,42.8,0.416666666666667
8.00812685057815e-05,0.00165607406150648,0.583656470403195,1005.87893999797,0.0347430182908085,8.99999904632568e-06,6.99774242168326e-05,0.0016033455894614,4,42.8,0.416666666666667
8.0067847602694e-05,0.00165608607205687,0.583079737783359,1005.0734714505,0.0352380514047469,8.99999904632568e-06,6.99735677836784e-05,0.00160379498082375,4.19999999999999,42.8,0.416666666666667
8.00638084241905e-05,0.00165653560243544,0.588089325631849,1011.97804219215,0.0316770906255564,8.99999904632568e-06,6.99697113505242e-05,0.00160424437218609,4.39999999999998,42.8,0.416666666666667
8.00598969916759e-05,0.00165699886161385,0.582149458836064,1005.73593680123,0.0403070516529375,8.99999904632568e-06,6.99799884944936e-05,0.00160416783391696,4.19999999999999,42.8,0.416666666666667
8.00701208757345e-05,0.00165693661905478,0.589630663998024,1016.24526127256,0.0345869863819507,8.99999904632568e-06,7.00089117432225e-05,0.00160339744872436,4,42.8,0.416666666666667
8.0099183337693e-05,0.00165616448176766,0.594134055519492,1024.05210869797,0.034308758176879,8.99999904632568e-06,7.00378349919514e-05,0.00160262706353177,3.60000000000002,42.8,0.416666666666667
8.01285023146175e-05,0.00165537066120804,0.56963483386069,985.097809555283,0.0392045446116838,8.99999904632568e-06,7.0068368426889e-05,0.00160239277972319,3.80000000000001,42.8,0.416666666666667
8.01594349705795e-05,0.00165511227418558,0.577707071241561,996.752099196956,0.0337816722599293,8.99999904632568e-06,7.00992198923842e-05,0.0016022643821911,4.39999999999998,42.8,0.416666666666667
8.01907076297143e-05,0.00165497640305236,0.577057304732374,996.349212930359,0.0347295908112395,8.99999904632568e-06,7.0125924440129e-05,0.00160216666666667,3.60000000000002,42.8,0.416666666666667
8.02178380007424e-05,0.00165487501854396,0.584923919237721,1010.15947652337,0.0355727389270215,8.99999904632568e-06,7.0139421956343e-05,0.00160216666666667,5.39999999999998,42.8,0.416666666666667
8.02317049368902e-05,0.00165487234681415,0.577923198086036,998.632369191118,0.0359546856236107,8.99999904632568e-06,7.0152919472557e-05,0.00160216666666667,4,42.8,0.416666666666667
8.02453912718501e-05,0.00165487250511188,0.571711024045215,987.152897778287,0.0336388205446907,8.99999904632568e-06,7.01552608784285e-05,0.00160208412539603,3.80000000000001,42.8,0.416666666666667
8.02479190373165e-05,0.00165479020674573,0.583512915735346,1006.56366101441,0.0324181200288058,8.99999904632568e-06,7.01514044452207e-05,0.00160195572786393,3.60000000000002,42.8,0.444444444444443
8.02440970233561e-05,0.00165465930144209,0.579930582238113,999.599518689883,0.030390488439306,8.99999904632568e-06,7.0147818463173e-05,0.00160180031682508,3.80000000000001,42.8,0.416666666666667
8.02404589989629e-05,0.00165449976511561,0.592226599024642,1020.54344868515,0.030662425146827,8.99999904632568e-06,7.01497466797765e-05,0.00160109413039853,3.60000000000002,42.8,0.416666666666667
8.02423376785096e-05,0.00165378856887276,0.580351250043537,1001.67563711859,0.033494941130401,8.99999904632568e-06,7.015167489638e-05,0.00160038794397199,4.60000000000002,42.8,0.416666666666667
8.02442914761002e-05,0.00165306036389773,0.568898777133541,982.844206101149,0.0346683362082201,8.99999904632568e-06,7.01562099616677e-05,0.00159939244622311,2.80000000000001,42.8,0.416666666666667
8.02488531452178e-05,0.00165204232153707,0.584950737815306,1010.52393012188,0.0356867857121579,8.99999904632568e-06,7.0163922828089e-05,0.00159804427213607,3.80000000000001,42.8,0.416666666666667
8.02566281254784e-05,0.00165066266154371,0.577373564591841,994.650505938321,0.0283262003859802,8.99999904632568e-06,7.01716356945104e-05,0.00159669609804902,4.39999999999998,42.8,0.416666666666667
8.02644468596997e-05,0.00164927184517914,0.577283415558558,997.141879585685,0.0348312646542447,8.99999904632568e-06,7.01595755761162e-05,0.00159715832916458,3.60000000000002,42.8,0.416666666666667
8.02524932048801e-05,0.00164969108886567,0.590713972793763,1018.74215769861,0.0326038458522104,8.99999904632568e-06,7.01441498432854e-05,0.00159792871435718,3.80000000000001,42.8,0.416666666666667
8.02369047054447e-05,0.0016504742651833,0.582463807288666,1006.19706727719,0.0363230019054561,8.99999904632568e-06,7.01282257791651e-05,0.0015985,4,42.8,0.416666666666667
8.02207683809605e-05,0.00165106956277059,0.577382776082818,996.301579561753,0.0337137529518612,8.99999904632568e-06,7.01108718297873e-05,0.0015985,4,42.8,0.416666666666667
8.02031947117743e-05,0.00165108773985602,0.575107586365474,993.879398690162,0.0374830458697905,8.99999904632568e-06,7.00935178804095e-05,0.0015985,5.39999999999998,42.8,0.416666666666667
8.01856014710244e-05,0.0016510879978568,0.577241660853821,996.372009423863,0.0355822649632039,8.99999904632568e-06,7.00659468873509e-05,0.00159794722361181,3.39999999999998,42.8,0.416666666666667
8.01577909200982e-05,0.00165053492353327,0.594703737318843,1024.1080101624,0.032281468619363,8.99999904632568e-06,7.00331672053571e-05,0.00159711263965316,3.60000000000002,42.8,0.416666666666667
8.01246325565201e-05,0.00164968270744861,0.575593840316704,992.578250519903,0.0348383464549065,8.99999904632568e-06,7.00024309321114e-05,0.00159633333333333,4,42.8,0.444444444444443
8.00934447833496e-05,0.00164887640087442,0.577982290809372,997.514933225864,0.036999020047445,8.99999904632568e-06,7.00005027155302e-05,0.00159633333333333,3.80000000000001,42.8,0.416666666666667
8.00910918993325e-05,0.001648850858349,0.597165389827523,1028.97395983574,0.0348982313889878,8.99999904632568e-06,6.9998574498949e-05,0.00159633333333333,3.80000000000001,42.8,0.416666666666667
8.00891316447723e-05,0.00164885002546714,0.586210274943017,1008.38108503917,0.0296379470529134,8.99999904632568e-06,7.00093374533476e-05,0.00159630315157579,4,42.8,0.416666666666667
8.00998679074198e-05,0.00164881978379788,0.572630322287223,985.626587752113,0.0294817817712963,8.99999904632568e-06,7.00344042689609e-05,0.00159623895280974,3.80000000000001,42.8,0.416666666666667
8.01250809130515e-05,0.00164875483406083,0.595795913862679,1026.83373803795,0.0336755207973379,8.99999904632568e-06,7.00594710845743e-05,0.00159617475404369,3.60000000000002,42.8,0.416666666666667
8.01504910408467e-05,0.00164868905991295,0.569750484483775,982.309652841622,0.0311825599471362,8.99999904632568e-06,7.01115028826537e-05,0.00159644722361181,4.19999999999999,42.8,0.416666666666667
8.02028688352163e-05,0.00164895993196553,0.564810123876839,973.145131747001,0.0279346329230064,8.99999904632568e-06,7.01674211640901e-05,0.00159676821744205,3.80000000000001,42.8,0.416666666666667
8.02595003174161e-05,0.00164929023521922,0.588002229993112,1015.212172729,0.033345793879275,8.99999904632568e-06,7.02110138843646e-05,0.0015969107887277,4.60000000000002,42.8,0.416666666666667
8.03038641586746e-05,0.00164944403260982,0.590246545326184,1021.10959241349,0.0379923324060989,8.99999904632568e-06,7.02225831840502e-05,0.00159658979489745,4,42.8,0.416666666666667
8.03160375373566e-05,0.0016491285788506,0.581700718676874,1003.54725554494,0.030402570165355,8.99999904632568e-06,7.02341524837358e-05,0.0015962688010672,3.60000000000002,42.8,0.416666666666667
8.03277725955105e-05,0.00164879801580722,0.579630859921587,1000.92070787963,0.0324081327423929,8.99999904632568e-06,7.02365189313975e-05,0.00159590403535101,4,42.8,0.416666666666667
8.03302988332614e-05,0.00164842320478016,0.583468069902793,1007.15613803332,0.0318378007790628,8.99999904632568e-06,7.02345907147814e-05,0.00159551884275471,3.39999999999998,42.8,0.416666666666667
8.03284050150905e-05,0.00164802643479297,0.565771608398956,980.691700026074,0.0400514766645242,8.99999904632568e-06,7.02324972224555e-05,0.00159516666666667,3.60000000000002,42.8,0.416666666666667
8.03262857356428e-05,0.00164766192359678,0.578041791481067,999.478373019024,0.0355314080604161,8.99999904632568e-06,7.02286407892255e-05,0.00159516666666667,4.19999999999999,42.8,0.416666666666667
8.03224004453038e-05,0.00164765058477804,0.590680739789591,1019.02558720548,0.0312832913462104,8.99999904632568e-06,7.02247843559955e-05,0.00159516666666667,4.39999999999998,42.8,0.416666666666667
8.03184911081272e-05,0.00164765016564612,0.568072948273303,982.540790125654,0.0357391065663196,8.99999904632568e-06,7.02152634734512e-05,0.00159450658662665,3.80000000000001,42.8,0.416666666666667
8.03089169942033e-05,0.00164699000462977,0.579121701451894,1000.98669045629,0.0355198184193491,8.99999904632568e-06,7.01998377405609e-05,0.0015931584125396,3.19999999999999,42.8,0.416666666666667
8.029336089566e-05,0.00164562119522639,0.583246185941726,1005.73649333341,0.0306791586318668,8.99999904632568e-06,7.01844120076705e-05,0.00159181023845256,4,42.8,0.416666666666667
8.02777233435915e-05,0.0016442303095811,0.566928730912469,981.257382934009,0.0384047030712685,8.99999904632568e-06,7.01689862748227e-05,0.00159166666666667,3.60000000000002,42.8,0.416666666666667
8.02620846824559e-05,0.00164404334032872,0.582026104253197,1002.25544406303,0.0281414523450166,8.99999904632568e-06,7.015356054198e-05,0.00159166666666667,4.80000000000001,42.8,0.416666666666667
8.02464460062238e-05,0.00164403727124909,0.58448866141883,1009.51349597204,0.0359954694147921,8.99999904632568e-06,7.01312533296777e-05,0.00159180031682508,4.19999999999999,42.8,0.416666666666667
8.02239258503267e-05,0.00164417046128449,0.582298920830057,1003.79334772652,0.0322497230446194,8.99999904632568e-06,7.0092688997779e-05,0.00159224970818743,3.39999999999998,42.8,0.416666666666667
8.01850548733588e-05,0.00164462359070146,0.574003824879447,988.054542993455,0.0292263974758555,8.99999904632568e-06,7.00541246658803e-05,0.00159269909954977,3.60000000000002,42.8,0.416666666666667
8.01459612558958e-05,0.00164508635576896,0.596527089496555,1028.28910516368,0.0351941557574753,8.99999904632568e-06,7.00223216130877e-05,0.00159283333333333,4.39999999999998,42.8,0.416666666666667
8.01136258859609e-05,0.00164523425814728,0.57669556728514,994.387117970877,0.0349462118507245,8.99999904632568e-06,6.99933983643588e-05,0.00159283333333333,4,42.8,0.416666666666667
8.00842623435771e-05,0.00164523828168995,0.586292907549569,1007.31452425658,0.0278627345372122,8.99999904632568e-06,6.996792336788e-05,0.00159283333333333,4,42.8,0.416666666666667
8.00583875192495e-05,0.00164523789583051,0.587648123042987,1011.39965300962,0.032016913962882,8.99999904632568e-06,6.99717798010342e-05,0.00159283333333333,4.60000000000002,42.8,0.416666666666667
8.00618916285862e-05,0.00164523743392049,0.589126368905927,1013.50349951797,0.0309871055629348,8.99999904632568e-06,6.99756362341884e-05,0.00159283333333333,4.60000000000002,42.8,0.416666666666667
8.00657957753466e-05,0.00164523748053274,0.58787912264071,1012.77223997175,0.0336750672440419,8.99999904632568e-06,6.99971621429686e-05,0.00159283333333333,2.80000000000001,42.8,0.416666666666667
8.00873748448314e-05,0.00164523754986853,0.584004436283792,1007.15677066756,0.0348556803994955,8.99999904632568e-06,7.00357264746741e-05,0.00159283333333333,3.60000000000002,42.8,0.416666666666667
8.01262330073293e-05,0.00164523792726414,0.578843495536357,998.562267890513,0.0341581085629217,8.99999904632568e-06,7.00742908063795e-05,0.00159283333333333,4.19999999999999,42.8,0.416666666666667
8.01653264501112e-05,0.00164523861468343,0.590752235818277,1016.15224294132,0.0275045602917736,8.99999904632568e-06,7.00987716446106e-05,0.00159265749541437,3.39999999999998,42.8,0.416666666666667
8.0190339603106e-05,0.00164506347788766,0.593553872720739,1023.91837754307,0.0340820010809898,8.99999904632568e-06,7.01219102437766e-05,0.00159246489911622,3.39999999999998,42.8,0.416666666666667
8.0213818793166e-05,0.00164486588629307,0.586690992416243,1010.43629891142,0.0290313864199599,8.99999904632568e-06,7.01450488429765e-05,0.00159239436384859,4.19999999999999,42.8,0.416666666666667
8.02372770960968e-05,0.00164478963282511,0.569716511893291,983.974124866745,0.0337764331211457,8.99999904632568e-06,7.01681874422495e-05,0.00159258696014674,5,42.8,0.416666666666667
8.02607351146917e-05,0.00164498027274694,0.574440998860298,989.287609388411,0.0269015943599215,8.99999904632568e-06,7.01913260415226e-05,0.00159277955644489,5.80000000000001,42.8,0.416666666666667
8.02841931294149e-05,0.00164517918791027,0.574783947521612,990.29027963485,0.0276913147918429,8.99999904632568e-06,7.0199176637708e-05,0.00159283333333333,4.19999999999999,42.8,0.416666666666667
8.02923631409978e-05,0.00164523954024442,0.593910182328626,1022.59143196243,0.0273943759868153,8.99999904632568e-06,7.02011048543189e-05,0.00159283333333333,3.80000000000001,42.8,0.416666666666667
8.02944026043416e-05,0.0016452415535887,0.594171909957075,1025.54167947048,0.0332999021337572,8.99999904632568e-06,7.02030330709299e-05,0.00159288936134734,3.19999999999999,42.8,0.416666666666667
8.02963585912479e-05,0.00164529767949301,0.581914813513395,1003.27485405532,0.0296608666562238,8.99999904632568e-06,7.02049612875416e-05,0.00159333875270969,4,42.8,0.416666666666667
8.02983134415002e-05,0.00164574884509795,0.601678945641987,1037.27029173767,0.0308897396707121,8.99999904632568e-06,7.02068895041532e-05,0.00159378814407204,3.80000000000001,42.8,0.416666666666667
8.03002682762754e-05,0.00164621225921009,0.582168326328004,1005.66216982839,0.0342156951370306,8.99999904632568e-06,7.02067793203469e-05,0.001594,4.60000000000002,42.8,0.416666666666667
8.03001847104217e-05,0.00164643851766249,0.567565935230816,980.362541262083,0.0329343058464383,8.99999904632568e-06,7.02048511037352e-05,0.001594,4,42.8,0.416666666666667
8.02982553559379e-05,0.00164644553153653,0.584206646565227,1008.50444597667,0.0328877194641862,8.99999904632568e-06,7.02029228871235e-05,0.001594,4,42.8,0.416666666666667
8.02963008683252e-05,0.00164644571545719,0.586673970904458,1014.34957583781,0.037005386161068,8.99999904632568e-06,7.0195600672361e-05,0.0015941795897949,3.80000000000001,42.8,0.416666666666667
8.02889520403371e-05,0.00164662527696745,0.571097511604339,986.985560426421,0.0348487677365335,8.99999904632568e-06,7.01878878059217e-05,0.00159437218609305,4.80000000000001,42.8,0.416666666666667
8.02811391087883e-05,0.00164682331292487,0.575980009082864,995.258214367194,0.0350762212067393,8.99999904632568e-06,7.01795263575376e-05,0.00159458637652159,5,42.8,0.416666666666667
8.02726712758415e-05,0.00164704350775749,0.591817309101305,1020.44431951114,0.0315365682833853,8.99999904632568e-06,7.01698852745053e-05,0.00159484317158579,3.19999999999999,42.8,0.416666666666667
8.02629148908001e-05,0.00164730698289139,0.576786978055005,996.133309498554,0.0344203149678335,8.99999904632568e-06,7.0160244191473e-05,0.00159509996664999,3.19999999999999,42.8,0.416666666666667
8.02531409602254e-05,0.00164757177755913,0.583689179089727,1006.71753397759,0.0326907042564684,8.99999904632568e-06,7.01277650106028e-05,0.00159426371519093,3.39999999999998,42.8,0.416666666666667
8.02205286929045e-05,0.00164674356631172,0.58480462567478,1006.98483042384,0.0299237462078334,8.99999904632568e-06,7.00872724620701e-05,0.00159304393863598,4.60000000000002,42.8,0.444444444444443
8.01795920803514e-05,0.00164549754328815,0.582358612627959,1002.83448605715,0.0307322360282975,8.99999904632568e-06,7.00548408605774e-05,0.00159197223611806,4,42.8,0.416666666666667
8.01466030666257e-05,0.00164438649495307,0.581740397441488,1004.05325081542,0.0356566930070226,8.99999904632568e-06,7.00702665933131e-05,0.00159177963981991,3.39999999999998,42.8,0.416666666666667
8.01615796053841e-05,0.00164415887604116,0.574035808507357,992.044789283438,0.0376274384079183,8.99999904632568e-06,7.00856923260488e-05,0.00159158704352176,4.39999999999998,42.8,0.444444444444443
8.01772092657384e-05,0.00164395948266581,0.590542306548892,1015.7182889406,0.0269203635474295,8.99999904632568e-06,7.01137992132125e-05,0.0015915,3.80000000000001,42.8,0.416666666666667
8.02055289737326e-05,0.00164386652857989,0.592269021069012,1020.20247870163,0.0296133146086733,8.99999904632568e-06,7.01523635452598e-05,0.0015915,3.60000000000002,42.8,0.416666666666667
8.02444789202871e-05,0.00164386413892397,0.584706504896046,1010.36034076386,0.0355724017477052,8.99999904632568e-06,7.01909278773072e-05,0.0015915,3.60000000000002,42.8,0.416666666666667
8.02835736131859e-05,0.00164386474214464,0.589479816477642,1016.37306672736,0.0289705462679938,8.99999904632568e-06,7.02570256406115e-05,0.00159113331665833,4.39999999999998,42.8,0.416666666666667
8.03502037082761e-05,0.00164349875733726,0.583982633676436,1008.62384085324,0.0309121207054396,8.99999904632568e-06,7.03245132224103e-05,0.00159074812406203,3.60000000000002,42.8,0.416666666666667
8.041859855689e-05,0.00164310337573801,0.579948972848469,1004.2270573597,0.0353948287274734,8.99999904632568e-06,7.03727887549879e-05,0.0015905,3.39999999999998,42.8,0.416666666666667
8.04678053859995e-05,0.00164284418188951,0.584726047665688,1011.13162679749,0.0322444991146977,8.99999904632568e-06,7.0386286271457e-05,0.0015905,4,42.8,0.416666666666667
8.04819729258728e-05,0.00164283700104792,0.571982229529597,990.851721189251,0.0350337487132625,8.99999904632568e-06,7.03997837879262e-05,0.0015905,3.39999999999998,42.8,0.416666666666667
8.049566335425e-05,0.00164283702476427,0.580429481011153,1006.3120059599,0.0376229745370778,8.99999904632568e-06,7.04015617539158e-05,0.00159118284142071,3.60000000000002,42.8,0.416666666666667
8.04976277355724e-05,0.00164352010498785,0.588246141783739,1019.53796263791,0.0376229745370778,8.99999904632568e-06,7.03996335372751e-05,0.00159208162414541,4.60000000000002,42.8,0.416666666666667
8.04957262668748e-05,0.0016444401013293,0.563363688676645,976.259785933836,0.0351667609282401,8.99999904632568e-06,7.03980208469938e-05,0.00159283333333333,3.60000000000002,42.8,0.416666666666667
8.04940876852984e-05,0.00164522030268616,0.588872875811351,1018.21118681233,0.0320475158567622,8.99999904632568e-06,7.03980208469938e-05,0.00159283333333333,4.80000000000001,42.8,0.416666666666667
8.04940653735985e-05,0.00164524446496943,0.58780764195072,1014.39068931697,0.0272949133016504,8.99999904632568e-06,7.03980208469938e-05,0.00159283333333333,4.19999999999999,42.8,0.416666666666667
8.04940650697919e-05,0.00164524521375267,0.576898850461228,997.595143629361,0.031596823117404,8.99999904632568e-06,7.03881719170806e-05,0.00159232324495581,2.60000000000002,42.8,0.416666666666667
8.04842161357419e-05,0.0016447351485865,0.576944515270629,996.578874352699,0.0294789165405135,8.99999904632568e-06,7.0370817967348e-05,0.00159142446223112,4,42.8,0.416666666666667
8.04667280782759e-05,0.00164382037961034,0.578550748554126,1000.81213691031,0.033449350774984,8.99999904632568e-06,7.03534640176153e-05,0.00159052567950642,4.19999999999999,42.8,0.416666666666667
8.04491360029008e-05,0.00164289292962433,0.575516459065507,994.381711481295,0.0307006256033142,8.99999904632568e-06,7.03436025668402e-05,0.00159131073870268,3.80000000000001,42.8,0.416666666666667
8.04390350101262e-05,0.00164364892656547,0.58184943782936,1005.92203253432,0.032817168063364,8.99999904632568e-06,7.03339614836814e-05,0.00159214532266133,3.39999999999998,42.8,0.416666666666667
8.04292563870836e-05,0.00164450677517405,0.564720132116432,976.108188349944,0.0315143033935529,8.99999904632568e-06,7.03156359131997e-05,0.00159266666666667,3.39999999999998,42.8,0.416666666666667
8.04107976662563e-05,0.00164505454742884,0.590447841805536,1020.21201425793,0.0334915614963168,8.99999904632568e-06,7.02828562305991e-05,0.00159266666666667,3.60000000000002,42.8,0.416666666666667
8.03777666410028e-05,0.00164507121056777,0.585835262299944,1012.81090423466,0.0353074446656887,8.99999904632568e-06,7.02500765479984e-05,0.00159266666666667,4.39999999999998,42.8,0.416666666666667
8.03445371923762e-05,0.00164507115283418,0.594554800280147,1028.46189603003,0.038178593343701,8.99999904632568e-06,7.02218043849033e-05,0.00159246656661664,3.80000000000001,42.8,0.416666666666667
8.03158125614288e-05,0.00164487047315587,0.578488676428109,998.04166806165,0.0312612189666818,8.99999904632568e-06,7.01948093523348e-05,0.00159220977155244,3.80000000000001,42.8,0.416666666666667
8.02884264007311e-05,0.00164460695635276,0.58261607190913,1008.93798351864,0.0408307039897034,8.99999904632568e-06,7.01787600792648e-05,0.001592,4.19999999999999,42.8,0.416666666666667
8.02720042247745e-05,0.00164438853802041,0.593760903028851,1025.96306474528,0.0357172395041859,8.99999904632568e-06,7.02115397616885e-05,0.001592,4.60000000000002,42.8,0.416666666666667
8.03045602951012e-05,0.00164438148021169,0.583508788856331,1007.45269079621,0.0321213658495604,8.99999904632568e-06,7.0244319444112e-05,0.001592,4.39999999999998,42.8,0.416666666666667
8.03377832763404e-05,0.0016443818275072,0.587125954347064,1014.17642833404,0.0328230479364432,8.99999904632568e-06,7.02714396856431e-05,0.00159203768550942,3.80000000000001,42.8,0.416666666666667
8.03653558976609e-05,0.00164442010151055,0.582259487582443,1007.96902974299,0.036996553275985,8.99999904632568e-06,7.02945782851304e-05,0.00159210188427547,4,42.8,0.416666666666667
8.03888699389706e-05,0.00164448596646288,0.589350446593703,1019.48140994643,0.0352351345486646,8.99999904632568e-06,7.03177168846177e-05,0.00159216608304152,3.60000000000002,42.8,0.416666666666667
8.04123287167398e-05,0.00164455261631898,0.581239409206949,1004.86426498498,0.0327812661529584,8.99999904632568e-06,7.03332127346363e-05,0.00159210305152576,3.80000000000001,42.8,0.416666666666667
8.04281439925459e-05,0.00164449205926886,0.569051077887244,984.518865758407,0.0331573252376696,8.99999904632568e-06,7.03486384676873e-05,0.00159203885275971,3.39999999999998,42.8,0.416666666666667
8.0443785073855e-05,0.00164442625789948,0.563737665645868,976.107583557925,0.0342575823343867,8.99999904632568e-06,7.03610191209743e-05,0.001592,3.80000000000001,42.8,0.416666666666667
8.04563787034855e-05,0.00164438563690293,0.581893502662433,1007.12452527815,0.0345649936129487,8.99999904632568e-06,7.03687319875177e-05,0.001592,3,42.8,0.416666666666667
8.04642630508324e-05,0.00164438459641084,0.586014356826352,1012.18161269524,0.029827668098065,8.99999904632568e-06,7.0376444854061e-05,0.001592,4,42.8,0.416666666666667
8.04720832743697e-05,0.00164438470125314,0.571376718555103,989.909314623414,0.0357386779874833,8.99999904632568e-06,7.03795375132122e-05,0.00159210255127564,3.39999999999998,42.8,0.416666666666667
8.04752824173746e-05,0.00164448739176803,0.594407731482453,1031.56025722262,0.0418351022339408,8.99999904632568e-06,7.03814657298499e-05,0.00159223094880774,4.19999999999999,42.8,0.416666666666667
8.0477254195053e-05,0.00164461902893398,0.574757203076445,996.97360885583,0.0387894436949441,8.99999904632568e-06,7.03810500363945e-05,0.00159233333333333,3.19999999999999,42.8,0.416666666666667
8.04768653502529e-05,0.0016447255292648,0.58813246042591,1015.01687856741,0.0281680546282311,8.99999904632568e-06,7.03714089532134e-05,0.00159233333333333,4,42.8,0.416666666666667
8.04672189723775e-05,0.00164472882463235,0.565624241625161,980.276558667677,0.0364754202310318,8.99999904632568e-06,7.03617678700323e-05,0.00159233333333333,3.80000000000001,42.8,0.416666666666667
8.04574465395635e-05,0.00164472875906375,0.563783829295025,975.798665685009,0.0334651641302659,8.99999904632568e-06,7.03568045903285e-05,0.0015924112056028,3.39999999999998,42.8,0.416666666666667
8.04523501938032e-05,0.00164480645936405,0.573606274766922,989.288055387631,0.0260822479828297,8.99999904632568e-06,7.03548763736945e-05,0.0015925396031349,4.60000000000002,42.8,0.416666666666667
8.04503525829206e-05,0.00164493717743501,0.576700226156025,997.258873580791,0.0325045524648181,8.99999904632568e-06,7.03525274552514e-05,0.00159266666666667,4.80000000000001,42.8,0.416666666666667
8.04479764640651e-05,0.00164506825924966,0.581295306753916,1006.62513071753,0.0372727198110581,8.99999904632568e-06,7.03101066894921e-05,0.00159266666666667,4.19999999999999,42.8,0.416666666666667
8.04055233439502e-05,0.00164507228222871,0.581724698211355,1003.97995866128,0.0304603271297491,8.99999904632568e-06,7.02676859237327e-05,0.00159266666666667,3.39999999999998,42.8,0.416666666666667
8.03625245164752e-05,0.00164507166873267,0.575027735698617,994.237147572213,0.0349923156542005,8.99999904632568e-06,7.0237247647034e-05,0.00159277305319326,3.80000000000001,42.8,0.416666666666667
8.0331500747452e-05,0.00164517728851606,0.585614986850837,1012.17412640879,0.0353710339179071,8.99999904632568e-06,7.02237501307315e-05,0.00159302984825746,3.80000000000001,42.8,0.416666666666667
8.03175807968714e-05,0.00164543681892458,0.56698335530019,979.067299772415,0.0320837883661452,8.99999904632568e-06,7.02102526144291e-05,0.00159328664332166,5.19999999999999,42.8,0.416666666666667
8.03038937399535e-05,0.00164570141888124,0.576259854223463,992.008155663914,0.0260307852555223,8.99999904632568e-06,7.01920222028515e-05,0.00159333333333333,3.39999999999998,42.8,0.416666666666667
8.02854769589505e-05,0.00164575607502071,0.581699892989811,1004.34963389904,0.0338730455038383,8.99999904632568e-06,7.01727400367683e-05,0.00159333333333333,4.60000000000002,42.8,0.416666666666667
8.02659440212869e-05,0.00164575744942305,0.573562731416888,989.454893847249,0.0314685559995858,8.99999904632568e-06,7.01641632291336e-05,0.00159343313323328,4,42.8,0.416666666666667
8.02571012439561e-05,0.00164585695227255,0.594573637212469,1025.87674615793,0.032747510783619,8.99999904632568e-06,7.01930864782862e-05,0.00159388252459563,4.39999999999998,42.8,0.416666666666667
8.028590408568e-05,0.00164630927503154,0.587084345434461,1011.5411205423,0.0280578989114634,8.99999904632568e-06,7.02220097274389e-05,0.00159433191595798,4,42.8,0.416666666666667
8.03152195279166e-05,0.00164677319189105,0.560412123104115,969.849636566196,0.0358893161871545,8.99999904632568e-06,7.02364488144311e-05,0.00159417850591963,4,42.8,0.416666666666667
8.03300577878032e-05,0.00164663467574816,0.587447774446241,1013.74278946377,0.0312777045882754,8.99999904632568e-06,7.02422334642817e-05,0.00159366491579123,3.60000000000002,42.8,0.416666666666667
8.03360444824021e-05,0.00164611704884174,0.570657229534744,988.516933972117,0.0386223550539509,8.99999904632568e-06,7.02483060945371e-05,0.00159316666666667,5.19999999999999,42.8,0.416666666666667
8.03421986303161e-05,0.00164560285437896,0.547368542258669,945.309929148193,0.0296825189967336,8.99999904632568e-06,7.02637318275048e-05,0.00159316666666667,5.60000000000002,42.8,0.444444444444443
8.03577081610657e-05,0.00164558701837834,0.585702125778645,1012.12224459876,0.0334631439069556,8.99999904632568e-06,7.02791575604725e-05,0.00159316666666667,4.39999999999998,42.8,0.416666666666667
8.03733450791225e-05,0.00164558679707079,0.594620343779812,1028.45823393321,0.036155211166287,8.99999904632568e-06,7.02878921313477e-05,0.00159302743038186,3.60000000000002,42.8,0.416666666666667
8.03822925696525e-05,0.00164544782583986,0.579544472309729,1003.17364296276,0.0367060049281922,8.99999904632568e-06,7.02878921313477e-05,0.00159270643655161,3.80000000000001,42.8,0.416666666666667
8.03824144029055e-05,0.00164512267868462,0.573723934862849,991.830127814786,0.0332511913796602,8.99999904632568e-06,7.02878921313477e-05,0.00159238544272136,3.39999999999998,42.8,0.416666666666667
8.03824160618446e-05,0.00164479160552118,0.586206245127822,1013.04637141923,0.033527399088673,8.99999904632568e-06,7.02830465480163e-05,0.00159233333333333,4,43,0.444444444444443
8.03775705011021e-05,0.00164472923096952,0.578316536648728,998.544039644905,0.0310154973478539,8.99999904632568e-06,7.02772618981478e-05,0.00159233333333333,3.60000000000002,42.8,0.416666666666667
8.03717198717921e-05,0.00164472721273474,0.577385076957208,996.426032772066,0.0299832273296346,8.99999904632568e-06,7.02682168092743e-05,0.0015924884108721,3.60000000000002,42.8,0.416666666666667
8.03625951179892e-05,0.00164488212595792,0.585045124886269,1010.58140496976,0.0332408338979537,8.99999904632568e-06,7.02489346430944e-05,0.0015931303985326,3.39999999999998,42.8,0.416666666666667
8.03431887048559e-05,0.00164552875815534,0.575450888069231,994.311734570778,0.0336864130476457,8.99999904632568e-06,7.02296524769145e-05,0.0015937723861931,4.39999999999998,42.8,0.416666666666667
8.03236422917976e-05,0.00164619045770789,0.578980745014878,1000.2717746882,0.0338179929237162,8.99999904632568e-06,7.02228160725417e-05,0.001594,3.60000000000002,42.8,0.416666666666667
8.03165397342412e-05,0.00164643824814792,0.566869452198966,978.450117413768,0.0307843574036303,8.99999904632568e-06,7.02228160725417e-05,0.001594,3.60000000000002,42.8,0.416666666666667
8.03164430224661e-05,0.0016464458075831,0.574835957521797,993.563075566455,0.034603325817206,8.99999904632568e-06,7.02204371040031e-05,0.00159401900950475,4.19999999999999,42.8,0.416666666666667
8.03140627370544e-05,0.00164646504979252,0.576770640442661,997.326179390215,0.0369650715411598,8.99999904632568e-06,7.01722316888788e-05,0.00159440420210105,3.39999999999998,42.8,0.416666666666667
8.02658249108407e-05,0.00164685079761757,0.587424150158552,1012.66446251893,0.0319158631572663,8.99999904632568e-06,7.01240262737545e-05,0.00159478939469735,4.39999999999998,42.8,0.416666666666667
8.02169626667129e-05,0.00164724711181467,0.57630086347185,994.314559634423,0.0335268362481383,8.99999904632568e-06,7.01037875119133e-05,0.001595,3,42.8,0.416666666666667
8.01960585734993e-05,0.00164746915547886,0.595869679623008,1027.28878001509,0.0329173419532509,8.99999904632568e-06,7.01172850281012e-05,0.001595,4,42.8,0.416666666666667
8.02092714496901e-05,0.00164747567661472,0.58356107325307,1007.56273523226,0.0351089539007863,8.99999904632568e-06,7.01307825442892e-05,0.001595,4,42.8,0.416666666666667
8.0222948878635e-05,0.00164747610857104,0.556870822480572,963.407141324391,0.0365936971235477,8.99999904632568e-06,7.01657659027443e-05,0.00159439469734867,4,42.8,0.416666666666667
8.02581184754166e-05,0.00164687105715435,0.586888959842494,1015.25382783148,0.0380477449120093,8.99999904632568e-06,7.02043302349107e-05,0.00159368851092213,3.19999999999999,42.8,0.416666666666667
8.0297161693408e-05,0.00164614672219302,0.569428311039225,981.984477471057,0.0285439450627986,8.99999904632568e-06,7.02373578308414e-05,0.00159316666666667,3,42.8,0.416666666666667
8.0330720920218e-05,0.00164560309827926,0.581199342815278,1002.94813193447,0.0304619135779852,8.99999904632568e-06,7.02547117804133e-05,0.00159316666666667,3.60000000000002,42.8,0.416666666666667
8.03485318280576e-05,0.00164558682635086,0.561595327644884,970.866970801148,0.0327295937326774,8.99999904632568e-06,7.02720657299853e-05,0.00159316666666667,4.19999999999999,42.8,0.416666666666667
8.0366128299355e-05,0.00164558663154644,0.554987545843573,960.246655426074,0.033800448264421,8.99999904632568e-06,7.02842911242032e-05,0.00159338010672003,4.19999999999999,42.8,0.416666666666667
8.03785932954293e-05,0.00164580037155077,0.578547143620135,998.258364509734,0.0290019075114442,8.99999904632568e-06,7.02939322073247e-05,0.00159370110055028,3.80000000000001,42.8,0.416666666666667
8.03884041078192e-05,0.00164612820932161,0.569912895981331,987.720880105252,0.038371404258387,8.99999904632568e-06,7.03014497479838e-05,0.001594,5.19999999999999,42.8,0.416666666666667
8.03960552371291e-05,0.00164643744425141,0.591974307917186,1021.31514025953,0.030054451419337,8.99999904632568e-06,7.02802393651409e-05,0.001594,4.60000000000002,42.8,0.416666666666667
8.03749490356732e-05,0.00164644716537981,0.567627455931152,979.178089907187,0.0285826637498504,8.99999904632568e-06,7.0259028982298e-05,0.001594,4.39999999999998,42.8,0.416666666666667
8.03534512608321e-05,0.00164644709976837,0.586133942714209,1012.90127055882,0.0342710715456274,8.99999904632568e-06,7.02524029288096e-05,0.00159396965149241,3.60000000000002,42.8,0.416666666666667
8.03465324834974e-05,0.00164641637539431,0.569776682496399,982.07420419777,0.0267531831444814,8.99999904632568e-06,7.02620440119088e-05,0.00159390545272636,4.80000000000001,42.8,0.416666666666667
8.03560793572597e-05,0.0016463511036811,0.573760310468355,990.550295290715,0.0305285615304772,8.99999904632568e-06,7.02716850950081e-05,0.00159384125396031,2.19999999999999,42.8,0.416666666666667
8.03658504350969e-05,0.00164628504712638,0.584253914183669,1008.68874681749,0.0321087535095423,8.99999904632568e-06,7.02424488236081e-05,0.00159422728030682,3.80000000000001,42.8,0.416666666666667
8.03367472113034e-05,0.00164666919524832,0.584356124431254,1008.30907803802,0.0317075190480696,8.99999904632568e-06,7.02077409245379e-05,0.00159467667166917,4,42.8,0.416666666666667
8.03016430290052e-05,0.0016471299913495,0.572987703352012,990.188733047363,0.0350931650198788,8.99999904632568e-06,7.01784420487211e-05,0.001594963981991,3,42.8,0.416666666666667
8.02718661580778e-05,0.00164743097859033,0.559669823277964,970.694803905556,0.0425214627505732,8.99999904632568e-06,7.01630163158784e-05,0.0015948355844589,3.60000000000002,42.8,0.416666666666667
8.02560349693098e-05,0.00164731139561208,0.569343230954122,984.632737048764,0.0372904443194822,8.99999904632568e-06,7.01475905830356e-05,0.0015947071869268,2.80000000000001,42.8,0.416666666666667
8.02403936715307e-05,0.00164717901501862,0.582069529443003,1003.96651160328,0.0335037721853979,8.99999904632568e-06,7.00952132087407e-05,0.00159475454393864,4,42.8,0.444444444444443
8.01878033179446e-05,0.00164722199547072,0.564788424395799,972.607445983039,0.0302804495205736,8.99999904632568e-06,7.00257974115371e-05,0.00159488294147074,4.60000000000002,42.8,0.416666666666667
8.0117671425671e-05,0.00164735081113509,0.570287790701013,982.878748844659,0.0340818186028708,8.99999904632568e-06,6.99643849652576e-05,0.00159497732199433,4.39999999999998,42.8,0.416666666666667
8.00553040304535e-05,0.00164744796614567,0.580630659528687,999.942580638835,0.0325859029080735,8.99999904632568e-06,6.99855953476342e-05,0.00159472052693013,3.60000000000002,42.8,0.416666666666667
8.00756651889478e-05,0.00164719309892363,0.562449876116285,970.684431056337,0.0354752586292158,8.99999904632568e-06,7.00068057300109e-05,0.00159446373186593,5.19999999999999,42.8,0.416666666666667
8.00971528184663e-05,0.00164692875556122,0.568952834794626,981.112381049529,0.0336766324777707,8.99999904632568e-06,7.00261179459693e-05,0.00159449132899783,3.60000000000002,42.8,0.416666666666667
8.01167576201275e-05,0.00164694853016805,0.586386322144318,1010.50994182029,0.0330751289311071,8.99999904632568e-06,7.00434718952534e-05,0.00159481232282808,3.60000000000002,42.8,0.416666666666667
8.01343785176419e-05,0.00164727047804063,0.595758887910976,1028.0323816758,0.0366328312365726,8.99999904632568e-06,7.00608258445376e-05,0.00159513331665833,3.60000000000002,42.8,0.416666666666667
8.01519724013813e-05,0.0016476017605421,0.565149722629239,976.283319490739,0.0361495719519202,8.99999904632568e-06,7.00764519114708e-05,0.00159453385025846,3.60000000000002,42.8,0.416666666666667
8.01678380349374e-05,0.00164701287177146,0.571625814189608,985.563762236296,0.031862012384757,8.99999904632568e-06,7.00918776442184e-05,0.00159382766383192,4.39999999999998,42.8,0.416666666666667
8.0183479801638e-05,0.00164628870226291,0.582428982149526,1004.88988799296,0.0340379062370277,8.99999904632568e-06,7.01032541221208e-05,0.00159317925629481,5,42.8,0.416666666666667
8.01950692652165e-05,0.0016456181132617,0.58687592684719,1009.04555372566,0.0260372329721856,8.99999904632568e-06,7.01051823387176e-05,0.00159266566616642,5.39999999999998,42.8,0.416666666666667
8.0197155289418e-05,0.00164508393250948,0.578779037180057,996.127440318846,0.0278526392288749,8.99999904632568e-06,7.01071105553143e-05,0.00159215207603802,3.80000000000001,42.8,0.416666666666667
8.01991119103047e-05,0.00164455381594733,0.586821867810404,1012.19486729315,0.033814905879108,8.99999904632568e-06,7.01008951870167e-05,0.001592,5,42.8,0.416666666666667
8.01929231842803e-05,0.00164438533723884,0.586479406363594,1010.95030273615,0.0324962492082909,8.99999904632568e-06,7.00912541040401e-05,0.001592,3.60000000000002,42.8,0.416666666666667
8.01831978326899e-05,0.0016443800058017,0.581861692945099,1002.00712328031,0.0300709427405085,8.99999904632568e-06,7.00816130210656e-05,0.00159213148240787,3.60000000000002,42.8,0.416666666666667
8.01734243247391e-05,0.00164451115378657,0.583006922500566,1007.28331830487,0.0381696952570978,8.99999904632568e-06,7.00719719381077e-05,0.00159335125896281,4,42.8,0.416666666666667
8.01636501610851e-05,0.00164573482673651,0.586729079741947,1011.626924989,0.0338519546000598,8.99999904632568e-06,7.00623308551497e-05,0.00159457103551776,4.19999999999999,42.8,0.416666666666667
8.01538759885028e-05,0.00164699237429945,0.587271381432839,1012.23224699909,0.0333187714135566,8.99999904632568e-06,7.0054663063981e-05,0.00159480531932633,3.39999999999998,42.8,0.416666666666667
8.01460751075881e-05,0.00164726547942577,0.57951075869324,1001.25154844698,0.0384638788325774,8.99999904632568e-06,7.00488784142151e-05,0.00159409913289978,5.19999999999999,42.8,0.416666666666667
8.01401842373467e-05,0.00164656762519343,0.592341892320989,1019.00201965546,0.0293632291168215,8.99999904632568e-06,7.00430937644493e-05,0.00159339294647324,4,42.8,0.416666666666667
8.0134319374712e-05,0.00164583969879093,0.593169454538407,1020.10532632086,0.0296589006593534,8.99999904632568e-06,7.00055311038035e-05,0.00159309821577455,4,42.8,0.444444444444443
8.00966768553292e-05,0.00164552229615648,0.572720798386983,986.513226613382,0.0329531918190585,8.99999904632568e-06,6.99650385556299e-05,0.00159284142071036,3.80000000000001,42.8,0.416666666666667
8.00556717488494e-05,0.00164525500518705,0.571682336233528,986.64173548948,0.038225648159134,8.99999904632568e-06,6.99300902562142e-05,0.00159268717692179,3.80000000000001,42.8,0.416666666666667
8.00201651045551e-05,0.00164509176077299,0.594122621157787,1022.4179666165,0.0339569204787216,8.99999904632568e-06,6.9906951657405e-05,0.00159275137568784,4,42.8,0.416666666666667
7.99965430305228e-05,0.00164515028057618,0.581572889148057,1001.10131832172,0.0341952683798524,8.99999904632568e-06,6.98838130585958e-05,0.00159281557445389,3.60000000000002,42.8,0.416666666666667
7.99730827824071e-05,0.00164521588302399,0.572307429982977,987.898934414194,0.0401645158765361,8.99999904632568e-06,6.98718330741213e-05,0.00159334417208604,4.39999999999998,42.8,0.416666666666667
7.99607833521241e-05,0.0016457461067551,0.592974982644127,1018.29002165117,0.0298779810544419,8.99999904632568e-06,6.98641202078753e-05,0.00159405035851259,3.60000000000002,42.8,0.416666666666667
7.99529030110318e-05,0.00164646851932034,0.585525272112292,1006.36735475241,0.0315139665288899,8.99999904632568e-06,6.98598430729599e-05,0.00159465032516258,4,42.8,0.416666666666667
7.99485185736736e-05,0.00164709074792507,0.570910904892281,980.825492220104,0.0289609323419386,8.99999904632568e-06,6.98791252385971e-05,0.00159452192763048,3.60000000000002,42.8,0.416666666666667
7.99677410387429e-05,0.00164698156685405,0.575785189060911,990.21603241512,0.0311919276170368,8.99999904632568e-06,6.98984074042343e-05,0.00159439353009838,3.60000000000002,42.8,0.416666666666667
7.99872849465349e-05,0.00164685011834011,0.593223529403224,1019.93452994984,0.0313980985192973,8.99999904632568e-06,6.99166653613669e-05,0.00159433333333333,3.60000000000002,42.8,0.444444444444443
8.00058090227381e-05,0.00164678618576274,0.586580894298576,1006.95688224351,0.0267466481538219,8.99999904632568e-06,6.99340193105039e-05,0.00159433333333333,3.39999999999998,42.8,0.416666666666667
8.00234152044375e-05,0.00164678452560269,0.587145569859968,1008.49358231313,0.0276756115814346,8.99999904632568e-06,6.9951373259641e-05,0.00159433333333333,3.19999999999999,42.8,0.416666666666667
8.00410088876523e-05,0.00164678478028798,0.590825887376089,1016.01673546572,0.030228197582878,8.99999904632568e-06,6.99723332242595e-05,0.00159415324328831,4.39999999999998,42.8,0.416666666666667
8.00622084161634e-05,0.00164660500408223,0.57919183349284,1000.01236351359,0.0382424553269362,8.99999904632568e-06,6.99935436066198e-05,0.00159396064699016,4,42.8,0.444444444444443
8.00837074613072e-05,0.00164640720232255,0.57759687371138,994.859853176087,0.0321902443326077,8.99999904632568e-06,7.00049501345562e-05,0.00159383333333333,3.80000000000001,42.8,0.416666666666667
8.00954067303869e-05,0.00164627412951564,0.58804831399007,1014.75287527755,0.0376716241032753,8.99999904632568e-06,6.9997237268233e-05,0.00159383333333333,4.19999999999999,43,0.444444444444443
8.0087853166832e-05,0.00164627020692769,0.570251999567205,983.704983902633,0.0355178377959566,8.99999904632568e-06,6.99895244019097e-05,0.00159383333333333,3.60000000000002,42.8,0.416666666666667
8.00800374476231e-05,0.00164626995395317,0.597679829941261,1029.58584040227,0.0342779416314585,8.99999904632568e-06,6.99990002091157e-05,0.0015944056194764,3.60000000000002,42.8,0.416666666666667
8.00894068323083e-05,0.00164684209634236,0.587467351983776,1011.622527299,0.0321489544538313,8.99999904632568e-06,7.00144259417741e-05,0.001595176004669,3.60000000000002,42.8,0.416666666666667
8.01049601429297e-05,0.00164763038420212,0.55697661655827,961.996990078498,0.0364556349738812,8.99999904632568e-06,7.00205135970071e-05,0.00159575796231449,4.80000000000001,42.8,0.416666666666667
8.01112595793792e-05,0.00164823705381514,0.576426440157566,992.801585061603,0.0328343028016722,8.99999904632568e-06,6.99723081826075e-05,0.00159524437218609,3.60000000000002,42.8,0.416666666666667
8.00631399410788e-05,0.00164774238351417,0.584721420517003,1006.32172913262,0.0329357498149132,8.99999904632568e-06,6.9924102768208e-05,0.0015947307820577,4.19999999999999,42.8,0.416666666666667
8.00142793069782e-05,0.00164721261896229,0.571963283056983,983.993202556914,0.0318727765669531,8.99999904632568e-06,6.98928856931587e-05,0.00159365157578789,3.19999999999999,42.8,0.416666666666667
7.99823969224793e-05,0.00164611613725782,0.579443087364041,995.661343494309,0.0300597354324654,8.99999904632568e-06,6.98755317440885e-05,0.0015921108054027,3.60000000000002,42.8,0.444444444444443
7.99646088478176e-05,0.00164454081515265,0.586865896889641,1010.02491163958,0.0348607702048358,8.99999904632568e-06,6.98581777950184e-05,0.00159057003501751,3.60000000000002,42.8,0.416666666666667
7.99470126879293e-05,0.00164295089130247,0.585489513032389,1008.85056185509,0.0370535407620748,8.99999904632568e-06,6.98776352530745e-05,0.00159135792896448,3.60000000000002,42.8,0.416666666666667
7.99662305483694e-05,0.00164368918238275,0.596597483681578,1027.10505594383,0.0354013890473195,8.99999904632568e-06,6.98988456352795e-05,0.00159225671168918,5.19999999999999,42.8,0.416666666666667
7.99877026100304e-05,0.00164461119060831,0.587482963102934,1009.19472011607,0.0284462391045983,8.99999904632568e-06,6.99338790766629e-05,0.00159297140236785,4.80000000000001,42.8,0.416666666666667
8.00230284251373e-05,0.00164535484228631,0.575004274960197,989.562686231957,0.0303305677880369,8.99999904632568e-06,6.99936537906335e-05,0.00159335659496415,4.60000000000002,42.8,0.416666666666667
8.00832841520754e-05,0.00164576370669986,0.574587262101287,991.130565404397,0.0341364601597881,8.99999904632568e-06,7.00534285046041e-05,0.00159374178756045,3.19999999999999,42.8,0.416666666666667
8.01438793364566e-05,0.00164616262427695,0.584350861133824,1007.02975376268,0.032083313385813,8.99999904632568e-06,7.00779243677738e-05,0.00159353968650992,4.60000000000002,42.8,0.416666666666667
8.01692002922496e-05,0.0016459739457004,0.573898084148906,988.894748332712,0.0306700421006016,8.99999904632568e-06,7.00914218839305e-05,0.00159315449391362,4.60000000000002,42.8,0.416666666666667
8.01830425904884e-05,0.00164558334328624,0.571747639629396,986.970056575943,0.0342861332113086,8.99999904632568e-06,7.01068426083423e-05,0.00159283333333333,3.80000000000001,42.8,0.416666666666667
8.01986517981648e-05,0.0016452503124691,0.590065378911429,1018.80607842163,0.0356674601428942,8.99999904632568e-06,7.01319094241587e-05,0.00159283333333333,4.39999999999998,42.8,0.416666666666667
8.02239311563183e-05,0.00164524025801181,0.582248749516798,1004.85153060397,0.0332774218910196,8.99999904632568e-06,7.0156976239975e-05,0.00159283333333333,3.80000000000001,42.8,0.416666666666667
8.02493421878036e-05,0.00164524038585656,0.591681216779454,1019.25593890925,0.0292331608153906,8.99999904632568e-06,7.01710497169969e-05,0.00159294313823578,4.39999999999998,42.8,0.416666666666667
8.02637616734208e-05,0.00164535063660403,0.585660389420167,1011.10451798642,0.0338945387870449,8.99999904632568e-06,7.01768343668185e-05,0.00159313573453393,3.80000000000001,42.8,0.416666666666667
8.02697426657627e-05,0.00164554690206155,0.564081229371656,973.940850515539,0.0322858496542872,8.99999904632568e-06,7.01826190166401e-05,0.00159332833083208,3.19999999999999,42.8,0.416666666666667
8.02756087555982e-05,0.00164574568773522,0.590539318452846,1018.51921972951,0.0314611639574583,8.99999904632568e-06,7.01940380656581e-05,0.00159333333333333,3.80000000000001,42.8,0.416666666666667
8.02871076800635e-05,0.00164575695575527,0.589813485330158,1018.9379274143,0.0350473476172016,8.99999904632568e-06,7.02056073653214e-05,0.00159333333333333,3.19999999999999,42.8,0.444444444444443
8.02988335545082e-05,0.00164575750508811,0.580299610595751,1005.03622679056,0.0399899469016396,8.99999904632568e-06,7.02128043712159e-05,0.0015934303818576,3.80000000000001,42.8,0.416666666666667
8.03061902254421e-05,0.00164585477455011,0.57410257188604,991.309055668188,0.0324347710262608,8.99999904632568e-06,7.02128043712159e-05,0.00159368717692179,4,42.8,0.416666666666667
8.03062903973449e-05,0.00164611471346068,0.595862951683329,1031.11713624402,0.0394686160051449,8.99999904632568e-06,7.02128043712159e-05,0.00159394397198599,3.60000000000002,42.8,0.416666666666667
8.03062917613328e-05,0.00164637956988397,0.575027365015202,992.454481427194,0.0316027342132181,8.99999904632568e-06,7.02067743119951e-05,0.00159420076705019,4,42.8,0.416666666666667
8.03002617206848e-05,0.00164664457706053,0.568692641265497,982.257581974677,0.0330459248389619,8.99999904632568e-06,7.01990614455499e-05,0.00159445756211439,5.19999999999999,42.8,0.416666666666667
8.02924667463608e-05,0.00164690948402917,0.578281778317933,1000.31774521934,0.037429555746296,8.99999904632568e-06,7.01938552606992e-05,0.00159466666666667,3.80000000000001,42.8,0.416666666666667
8.02871544214615e-05,0.00164712666668783,0.562195391013648,971.400170748181,0.0333867739474108,8.99999904632568e-06,7.0199639910532e-05,0.00159466666666667,4.39999999999998,43,0.444444444444443
8.02928667361717e-05,0.00164713330823483,0.592894977361958,1021.49499566887,0.0287608220409407,8.99999904632568e-06,7.02054245603648e-05,0.00159466666666667,3.19999999999999,42.8,0.416666666666667
8.0298729167577e-05,0.00164713361349478,0.590248577835654,1021.09470332843,0.0386653148881683,8.99999904632568e-06,7.01952926585558e-05,0.00159406103051526,3.19999999999999,42.8,0.416666666666667
8.02886770914003e-05,0.00164652808875202,0.560231457680971,967.038145013582,0.0316195857766966,8.99999904632568e-06,7.01740822758684e-05,0.00159303385025846,4,42.8,0.416666666666667
8.02673298349004e-05,0.00164548195890951,0.574906703795331,992.470515756856,0.0334844519235626,8.99999904632568e-06,7.01528718931809e-05,0.00159200667000167,4.39999999999998,42.8,0.416666666666667
8.02458287778955e-05,0.00164442197133206,0.582510223702607,1006.63632101621,0.0370799052537368,8.99999904632568e-06,7.01316615105829e-05,0.00159231890945473,3.39999999999998,42.8,0.416666666666667
8.02243256267597e-05,0.00164470097111965,0.583136162048712,1004.99259640209,0.0312800089143523,8.99999904632568e-06,7.01104511279855e-05,0.00159263990328498,3.80000000000001,42.8,0.416666666666667
8.02028224471098e-05,0.00164503024163943,0.565283162847331,975.076436768649,0.0320495445296946,8.99999904632568e-06,7.01076314242343e-05,0.0015929864098716,4.39999999999998,42.8,0.416666666666667
8.0199709945918e-05,0.00164538658359999,0.585341447579311,1010.13714336293,0.0340347183336557,8.99999904632568e-06,7.0132698240041e-05,0.0015933716024679,3.39999999999998,42.8,0.416666666666667
8.02247343804397e-05,0.00164578277074402,0.590668371918819,1019.38907823194,0.0339573715695068,8.99999904632568e-06,7.01577650558476e-05,0.0015937567950642,3.39999999999998,42.8,0.416666666666667
8.02501419407549e-05,0.00164618068260311,0.569347595637577,981.525117272173,0.0292726407256953,8.99999904632568e-06,7.01781966393493e-05,0.00159383333333333,5.19999999999999,42.8,0.416666666666667
8.02709194855868e-05,0.00164627000027354,0.587449111176464,1012.24195926661,0.0288958049004137,8.99999904632568e-06,7.019747880544e-05,0.00159383333333333,3.39999999999998,42.8,0.416666666666667
8.02904845685321e-05,0.0016462731309483,0.574030776414254,992.447372331134,0.0352540243668313,8.99999904632568e-06,7.02175522916137e-05,0.00159375429381357,4,42.8,0.416666666666667
8.03108244621073e-05,0.00164619452872155,0.583940640170464,1008.86135167254,0.0338071133967087,8.99999904632568e-06,7.02406908910206e-05,0.00159336910121728,3.80000000000001,42.8,0.416666666666667
8.03342400191028e-05,0.00164580725269668,0.586593146281746,1014.20656726201,0.0352150138284446,8.99999904632568e-06,7.02638294904275e-05,0.00159298390862098,4,42.8,0.416666666666667
8.03576974557827e-05,0.0016454104594736,0.579030537647392,1001.68202295204,0.035609123088821,8.99999904632568e-06,7.02740490385018e-05,0.0015925596131399,3,42.8,0.416666666666667
8.03682364113837e-05,0.00164497426900554,0.581928405319295,1005.24974692582,0.0324186355887972,8.99999904632568e-06,7.02759772551239e-05,0.00159211022177756,5,42.8,0.444444444444443
8.03703081313982e-05,0.00164451153646874,0.584512057213037,1010.36522031952,0.0341129413682843,8.99999904632568e-06,7.02775298451322e-05,0.00159168167417042,4,42.8,0.416666666666667
8.03718889309238e-05,0.0016440686774891,0.573474240552239,989.645379643205,0.0300814462443865,8.99999904632568e-06,7.02505348124908e-05,0.00159283725195931,4.60000000000002,42.8,0.416666666666667
8.03449154231946e-05,0.00164521055156449,0.592428640909977,1023.75286695759,0.0355004602875282,8.99999904632568e-06,7.02235397798494e-05,0.00159399282974821,3.39999999999998,42.8,0.416666666666667
8.03175531065441e-05,0.00164640106503554,0.586482686837527,1012.08772355079,0.0323571575730074,8.99999904632568e-06,7.01989562701109e-05,0.0015942652159413,3.39999999999998,42.8,0.416666666666667
8.02925970185907e-05,0.00164670988825366,0.57537964848342,996.78160920068,0.0410318889798292,8.99999904632568e-06,7.01777458874235e-05,0.00159330223445056,4.60000000000002,42.8,0.416666666666667
8.02710468220339e-05,0.00164575604810785,0.560884471504756,969.407497892534,0.034974107028267,8.99999904632568e-06,7.0156535504736e-05,0.00159233925295981,3.60000000000002,42.8,0.416666666666667
8.02495430017013e-05,0.00164476311728451,0.583666082886375,1005.33386241715,0.0294489856088644,8.99999904632568e-06,7.01305772017805e-05,0.00159211397365349,4.39999999999998,42.8,0.416666666666667
8.02232918925813e-05,0.00164450667741382,0.577405315539331,995.264098198393,0.0313789732541356,8.99999904632568e-06,7.01035821693994e-05,0.00159204977488744,3.60000000000002,42.8,0.416666666666667
8.01959394127114e-05,0.00164443407103169,0.591158161677782,1018.12280238275,0.0311744444583277,8.99999904632568e-06,7.00752874689913e-05,0.00159202884775721,3.80000000000001,42.8,0.416666666666667
8.01672722680307e-05,0.00164441041703998,0.571567710900861,984.508903099139,0.0308695541376199,8.99999904632568e-06,7.00425077870101e-05,0.00159215724528931,4.39999999999998,42.8,0.416666666666667
8.01341022406804e-05,0.0016445375826581,0.561747841909332,968.997401306115,0.0342443224250584,8.99999904632568e-06,7.00097281050289e-05,0.00159228564282141,3.19999999999999,42.8,0.416666666666667
8.01008708999551e-05,0.00164466934625862,0.596309726206682,1027.90340518045,0.0358434921888341,8.99999904632568e-06,6.99963407727281e-05,0.00159233333333333,3.19999999999999,42.8,0.416666666666667
8.00870310740383e-05,0.00164472054433695,0.556974693849489,963.015615742572,0.0394459141948489,8.99999904632568e-06,6.99944125561477e-05,0.00159233333333333,4,42.8,0.416666666666667
8.00849144078577e-05,0.00164472189110953,0.569778347089296,981.024997706371,0.0310311679968612,8.99999904632568e-06,6.99935486149555e-05,0.00159232499583125,4.39999999999998,42.8,0.416666666666667
8.00840216451399e-05,0.00164471355855779,0.584400187859597,1006.17571691458,0.031262760629596,8.99999904632568e-06,7.00244000803317e-05,0.00159206820076705,4.39999999999998,42.8,0.416666666666667
8.01148609542377e-05,0.0016444564896115,0.580224205087465,1000.10937320928,0.0328001417474429,8.99999904632568e-06,7.00552515457079e-05,0.00159181140570285,4,42.8,0.416666666666667
8.01461323421986e-05,0.00164419226019096,0.576922767189246,997.725156123627,0.0395918000293579,8.99999904632568e-06,7.00818959931265e-05,0.00159166666666667,3.60000000000002,42.8,0.416666666666667
8.01732025955915e-05,0.00164403987229568,0.587576665126365,1013.66867049961,0.0342243598597892,8.99999904632568e-06,7.0103106375683e-05,0.00159166666666667,4.19999999999999,42.8,0.416666666666667
8.01947815794918e-05,0.00164403561811901,0.57864996431572,999.815156017906,0.0365767079682976,8.99999904632568e-06,7.01243167582395e-05,0.00159166666666667,4.80000000000001,42.8,0.416666666666667
8.02162857916755e-05,0.00164403586145911,0.60371498938891,1039.71776760052,0.0303502110267194,8.99999904632568e-06,7.01390463297308e-05,0.00159215215941304,4,42.8,0.416666666666667
8.02313081746669e-05,0.00164452173569452,0.585263929974461,1009.56555033608,0.0324814911663109,8.99999904632568e-06,7.015254384595e-05,0.00159272994830749,4,42.8,0.444444444444443
8.02450102427415e-05,0.00164511485074383,0.562017950355764,969.286686182652,0.0301109042643879,8.99999904632568e-06,7.01618042939971e-05,0.00159316666666667,4.60000000000002,42.8,0.416666666666667
8.0254457264613e-05,0.00164557019738705,0.599388155773726,1032.31028162825,0.0296184228594375,8.99999904632568e-06,7.01579478607879e-05,0.00159316666666667,3.39999999999998,42.8,0.416666666666667
8.02507294665113e-05,0.00164558448005726,0.581496519103909,1003.54247895039,0.0332664396391414,8.99999904632568e-06,7.01540914275787e-05,0.00159316666666667,4.19999999999999,42.8,0.416666666666667
8.02468222738441e-05,0.0016455848580791,0.595222800558944,1024.26525447634,0.0276769229068533,8.99999904632568e-06,7.01414879027052e-05,0.00159287543771886,3.80000000000001,42.8,0.416666666666667
8.02341655467916e-05,0.00164529357290866,0.567441731352114,979.365975377113,0.0331161297271214,8.99999904632568e-06,7.01241339533006e-05,0.00159242604635651,4.39999999999998,42.8,0.416666666666667
8.02166392574192e-05,0.00164483492992075,0.5760428546441,991.923601009747,0.0288663673251529,8.99999904632568e-06,7.01068801709948e-05,0.001592,4.60000000000002,42.8,0.416666666666667
8.01991468288872e-05,0.00164439435819505,0.589697634239432,1016.84459443828,0.0335660126478675,8.99999904632568e-06,7.00914544382412e-05,0.001592,3.80000000000001,42.8,0.416666666666667
8.01834829109727e-05,0.00164438039372885,0.56523640300639,973.851667433897,0.0301662478505186,8.99999904632568e-06,7.00760287054877e-05,0.001592,4.39999999999998,42.8,0.416666666666667
8.01678438909216e-05,0.00164437968836402,0.581155143302848,1000.23648390855,0.029370171268716,8.99999904632568e-06,7.00562081414521e-05,0.00159202926463232,4.60000000000002,42.8,0.416666666666667
8.01478103786095e-05,0.00164440865917368,0.581026085231399,1001.94236841051,0.0345427679689912,8.99999904632568e-06,7.00311413258291e-05,0.00159209346339837,3,42.8,0.416666666666667
8.01224707772297e-05,0.00164447340783365,0.589081478472063,1010.83916696205,0.0240317045566125,8.99999904632568e-06,7.00060745102061e-05,0.00159215766216442,3.60000000000002,42.8,0.416666666666667
8.00970589256374e-05,0.00164453917354556,0.579583187865565,997.144312471893,0.0307521084471895,8.99999904632568e-06,6.99627722751497e-05,0.00159189069534767,3.80000000000001,42.8,0.416666666666667
8.00534106708189e-05,0.00164427380395281,0.58204515573294,1001.6258857226,0.0327097415843138,8.99999904632568e-06,6.99164950774065e-05,0.00159156970151743,3.39999999999998,42.8,0.416666666666667
8.00065391378419e-05,0.0016439438231083,0.556732844877081,955.878511248358,0.0266308539677257,8.99999904632568e-06,6.98803848397844e-05,0.00159124870768718,4.60000000000002,42.8,0.416666666666667
7.99697906753098e-05,0.00164361178288874,0.584939811163715,1005.1620671804,0.0306641317164978,8.99999904632568e-06,6.98726719735354e-05,0.00159092771385693,4.60000000000002,42.8,0.416666666666667
7.99615774246547e-05,0.00164327985485011,0.574858518774779,988.155540044502,0.0308787221208993,8.99999904632568e-06,6.98649591072865e-05,0.00159060672002668,3.80000000000001,42.8,0.416666666666667
7.99537527229092e-05,0.00164294842649826,0.605190313614288,1037.30298181646,0.0259712294049097,8.99999904632568e-06,6.98675434183154e-05,0.0015905,3.80000000000001,42.8,0.416666666666667
7.99562304891069e-05,0.00164283129419978,0.578895456004669,996.55620074215,0.0343470941612837,8.99999904632568e-06,6.98752562845643e-05,0.0015905,4.19999999999999,42.8,0.416666666666667
7.99639770937896e-05,0.0016428277055044,0.574112903586514,988.122288114644,0.0332568611472385,8.99999904632568e-06,6.98844841781197e-05,0.00159054585626146,5,42.8,0.444444444444443
7.99733104687697e-05,0.00164287358520379,0.589357215306231,1016.26792148817,0.0382394485661499,8.99999904632568e-06,6.99134074266591e-05,0.00159118784392196,4.19999999999999,42.8,0.416666666666667
8.0002360804947e-05,0.00164351715770289,0.580420104760628,999.409674868687,0.033282849207104,8.99999904632568e-06,6.99423306751985e-05,0.00159182983158246,3.80000000000001,42.8,0.416666666666667
8.00316796165716e-05,0.00164417960501794,0.590482942766329,1016.40396004813,0.0328397027050278,8.99999904632568e-06,6.99602555767704e-05,0.00159216666666667,5,42.8,0.416666666666667
8.00500037369171e-05,0.00164453748965431,0.574588721715226,988.236148696325,0.0295673938581669,8.99999904632568e-06,6.99660402264984e-05,0.00159216666666667,4.80000000000001,42.8,0.416666666666667
8.00560378965142e-05,0.00164454890480268,0.582262552217127,1001.09784875296,0.0291661337328121,8.99999904632568e-06,6.99718248762263e-05,0.00159216666666667,3.80000000000001,42.8,0.416666666666667
8.00619047102065e-05,0.00164454936366869,0.584719859826875,1004.07692563274,0.0262364446348927,8.99999904632568e-06,6.99776095259601e-05,0.00159273111555778,4,42.8,0.416666666666667
8.00677692452439e-05,0.00164511392880733,0.572576477150691,986.020968353641,0.0319082031638827,8.99999904632568e-06,6.99833941756948e-05,0.00159337310321828,4,42.8,0.416666666666667
8.00736337492549e-05,0.00164577352324916,0.598117342913389,1029.72771432169,0.0331653102500046,8.99999904632568e-06,6.99875410934266e-05,0.00159397873936968,3.60000000000002,42.8,0.416666666666667
8.00778605208406e-05,0.00164639971264213,0.575761698583982,989.371268381017,0.0270249669512145,8.99999904632568e-06,6.99875410934266e-05,0.00159449232949808,3.80000000000001,42.8,0.416666666666667
8.0077918074557e-05,0.00164693279178232,0.580676929406227,1002.69049782001,0.0387989097432025,8.99999904632568e-06,6.99875410934266e-05,0.00159500591962648,4.39999999999998,42.8,0.416666666666667
8.00779188582355e-05,0.0016474629114635,0.581962994524373,1003.3046076855,0.0351500088059585,8.99999904632568e-06,6.99875410934266e-05,0.00159516666666667,4.80000000000001,42.8,0.416666666666667
8.00779188689064e-05,0.00164764009530884,0.589998708409356,1014.31875478448,0.0291115959623641,8.99999904632568e-06,6.99875410934266e-05,0.00159516666666667,4.19999999999999,42.8,0.444444444444443
8.00779188690517e-05,0.00164764558903814,0.575485477895156,994.128399711853,0.0392532986747054,8.99999904632568e-06,6.99878916782593e-05,0.00159514915791229,3.80000000000001,42.8,0.416666666666667
8.00782694538865e-05,0.00164762825062131,0.593270071941927,1024.22683045798,0.0393951758556196,8.99999904632568e-06,6.99917481114195e-05,0.00159495656161414,3,42.8,0.416666666666667
8.00821306607752e-05,0.0016474351228279,0.587028420964433,1009.11354957959,0.0284568767445985,8.99999904632568e-06,6.99956045445796e-05,0.00159476396531599,3.19999999999999,42.8,0.416666666666667
8.00860396699503e-05,0.00164723660558941,0.550783248457231,954.478169961038,0.0437715661712999,8.99999904632568e-06,6.99985068861598e-05,0.00159466666666667,3.39999999999998,42.8,0.416666666666667
8.00889952384439e-05,0.00164713321972687,0.574351935038057,991.408995858804,0.0370573247197611,8.99999904632568e-06,7.0000435102741e-05,0.00159466666666667,4.39999999999998,42.8,0.416666666666667
8.00909636994403e-05,0.00164713006555957,0.591541662009243,1019.79554340695,0.0355291064600492,8.99999904632568e-06,7.00023633193221e-05,0.00159466666666667,4,42.8,0.416666666666667
8.00929187195153e-05,0.00164713000199228,0.560089873585236,964.208620825064,0.0299824589084544,8.99999904632568e-06,6.99956270821789e-05,0.00159466666666667,3.39999999999998,42.8,0.416666666666667
8.00862091028478e-05,0.00164713003401784,0.581438731169515,1001.52549445504,0.0330390519944444,8.99999904632568e-06,6.99879142158586e-05,0.00159466666666667,5,42.8,0.416666666666667
8.0078404875221e-05,0.00164712991833501,0.567242690806091,976.262454445096,0.0304455739633506,8.99999904632568e-06,6.99726161963044e-05,0.00159488035684509,3.80000000000001,42.8,0.416666666666667
8.00630005896209e-05,0.00164734346921622,0.576039483062467,992.784606847233,0.0351525615230296,8.99999904632568e-06,6.99398365145759e-05,0.00159558654327164,5.19999999999999,42.8,0.416666666666667
8.00300111558709e-05,0.00164805600909101,0.577709202481129,992.840603647518,0.0295018717212612,8.99999904632568e-06,6.99070568328474e-05,0.00159629272969818,3.60000000000002,42.8,0.416666666666667
7.99967822744459e-05,0.00164878371473093,0.58370150349116,1002.98426921788,0.0298464779601794,8.99999904632568e-06,6.98960735109223e-05,0.0015965,4.39999999999998,42.8,0.416666666666667
7.99853464923917e-05,0.00164901297030916,0.581638700063924,1001.48183518884,0.0345625475383172,8.99999904632568e-06,6.98941452943567e-05,0.0015965,4.19999999999999,42.8,0.416666666666667
7.99832625608216e-05,0.00164901987970396,0.590553073669748,1015.90479153335,0.0331437104360088,8.99999904632568e-06,6.98932813531687e-05,0.00159639369684842,3.60000000000002,42.8,0.416666666666667
7.9982370243838e-05,0.00164891375454559,0.544439794037406,938.571872877768,0.0342061289821565,8.99999904632568e-06,6.99009942194355e-05,0.00159543071535768,4,42.8,0.416666666666667
7.99900709598957e-05,0.00164794746704126,0.597658885743696,1029.09039592915,0.0356062270175044,8.99999904632568e-06,6.99087070857023e-05,0.00159446773386693,5.80000000000001,42.8,0.416666666666667
7.9997888682746e-05,0.00164695465893154,0.588272489711213,1009.82683353093,0.0271606921946311,8.99999904632568e-06,6.99193949146867e-05,0.00159419809904952,3.39999999999998,42.8,0.416666666666667
8.00086829615336e-05,0.00164665437723691,0.578233246702515,992.726162300771,0.0264807842727654,8.99999904632568e-06,6.99328924306821e-05,0.00159458329164582,4.39999999999998,42.8,0.416666666666667
8.00223274575225e-05,0.00164703044706062,0.583759247166073,1004.31687820647,0.0314574839697954,8.99999904632568e-06,6.99463899466776e-05,0.00159496848424212,3.39999999999998,42.8,0.416666666666667
8.00360107634137e-05,0.00164742753727622,0.578316148365709,996.774735962428,0.0348488489591106,8.99999904632568e-06,6.99651988229214e-05,0.00159511789227947,3.39999999999998,42.8,0.416666666666667
8.00550059580072e-05,0.00164758949536208,0.588611948275122,1013.24791982202,0.0322067752789266,8.99999904632568e-06,6.99844809886924e-05,0.00159524628981157,4,42.8,0.416666666666667
8.0074546771311e-05,0.00164772324485016,0.563891899686602,973.35937364916,0.0361457841363254,8.99999904632568e-06,7.00019000465122e-05,0.00159558145739536,3.39999999999998,42.8,0.416666666666667
8.00922319060653e-05,0.00164806289924739,0.587191490326622,1010.92353948193,0.0315725125971967,8.99999904632568e-06,7.00153975625961e-05,0.00159635184258796,4,42.8,0.416666666666667
8.0105970231289e-05,0.00164884412323344,0.577727407312653,995.607570187514,0.0328149850543631,8.99999904632568e-06,7.002889507868e-05,0.00159712222778056,3.80000000000001,42.8,0.416666666666667
8.01196548148918e-05,0.00164963896981102,0.592114720738399,1017.61576478436,0.0274044829995956,8.99999904632568e-06,7.00269944080445e-05,0.00159677405369351,3.80000000000001,42.8,0.416666666666667
8.0117940480004e-05,0.00164931567855395,0.58597833016418,1009.45337005912,0.0328391676995297,8.99999904632568e-06,7.00192815417064e-05,0.00159600366850092,2.19999999999999,42.8,0.416666666666667
8.01102042704731e-05,0.00164853523964205,0.605565339999255,1041.05839948066,0.0295477173555751,8.99999904632568e-06,7.00115686753699e-05,0.00159549174587294,4.60000000000002,42.8,0.416666666666667
8.01023860642571e-05,0.00164799898434378,0.564399204287824,973.782655307161,0.0350897631731026,8.99999904632568e-06,7.00038558090436e-05,0.00159671152242788,4.60000000000002,42.8,0.416666666666667
8.00945667415459e-05,0.00164920199791395,0.593782926304843,1024.80532866947,0.0386029133371708,8.99999904632568e-06,6.99961429427174e-05,0.00159793129898282,3.80000000000001,42.8,0.416666666666667
8.0086747403632e-05,0.00165045893890942,0.580753044294666,998.198298738276,0.0282597872005788,8.99999904632568e-06,6.99750502567279e-05,0.0015982943971986,4,42.8,0.416666666666667
8.00655482458478e-05,0.00165086087362911,0.569386030263484,981.529116861988,0.0350413970130062,8.99999904632568e-06,6.99422705749741e-05,0.0015979092046023,4,42.8,0.416666666666667
8.00324799063584e-05,0.00165048777470606,0.576983471304945,993.541057410036,0.033965572001152,8.99999904632568e-06,6.99094908932203e-05,0.001597524012006,3.39999999999998,42.8,0.444444444444443
7.99992499504904e-05,0.00165009043883782,0.574768601992101,989.59568605977,0.0338541907541172,8.99999904632568e-06,6.98947913721257e-05,0.0015972592129398,4.19999999999999,42.8,0.416666666666667
7.99840979546366e-05,0.00164981274220309,0.57227044997001,987.353012096991,0.0388006770699384,8.99999904632568e-06,6.98812938561719e-05,0.0015970024178756,4.19999999999999,42.8,0.416666666666667
7.99703941219575e-05,0.00164954707344584,0.568841042623202,979.694187778571,0.0347746241797287,8.99999904632568e-06,6.98677963402304e-05,0.00159683333333333,3.60000000000002,42.8,0.416666666666667
7.99567100081639e-05,0.00164936951332723,0.580288081724371,995.215496424018,0.0261829163415529,8.99999904632568e-06,6.9854298824313e-05,0.00159683333333333,4,42.8,0.416666666666667
7.9943026162896e-05,0.00164936376997374,0.581273776595355,1002.2529639215,0.0391931572582307,8.99999904632568e-06,6.98408013083955e-05,0.00159683333333333,3.80000000000001,42.8,0.416666666666667
7.99293423212845e-05,0.00164936335394334,0.585858543983462,1007.62677379902,0.0328868542132743,8.99999904632568e-06,6.987042572655e-05,0.00159740762047691,3.60000000000002,42.8,0.416666666666667
7.99587804137947e-05,0.00164993739023457,0.601270776410538,1032.99835846452,0.0302330529412834,8.99999904632568e-06,6.99147747075584e-05,0.0015981780056695,3.80000000000001,42.8,0.416666666666667
8.00035302377614e-05,0.0016507260857979,0.594943775722168,1026.77859775885,0.0397265786673802,8.99999904632568e-06,6.99553799434349e-05,0.00159883333333333,3.60000000000002,42.8,0.416666666666667
8.0044744808357e-05,0.00165140664577857,0.588057061628462,1013.00847516866,0.0341132102996439,8.99999904632568e-06,6.99746621092133e-05,0.00159883333333333,3.39999999999998,42.8,0.416666666666667
8.00645881711763e-05,0.00165142846378806,0.569444698856381,982.729204322182,0.0363107302764092,8.99999904632568e-06,6.99939442749917e-05,0.00159883333333333,5.60000000000002,42.8,0.416666666666667
8.00841405335463e-05,0.00165142948533617,0.568480554492898,979.614602069197,0.0326359475776841,8.99999904632568e-06,7.00025586451576e-05,0.00159908195764549,4.80000000000001,42.8,0.416666666666667
8.00930211379043e-05,0.00165167848132495,0.570594634583832,983.023195377882,0.0322490923470148,8.99999904632568e-06,7.00025586451576e-05,0.00159953134900784,4,42.8,0.416666666666667
8.00931420604037e-05,0.00165213574743814,0.564459145638053,973.139176304072,0.0333914497755393,8.99999904632568e-06,7.00025586451576e-05,0.00159998074037019,3.19999999999999,42.8,0.416666666666667
8.00931437069415e-05,0.0016525993188107,0.590284461709297,1013.48960806852,0.0255441270222032,8.99999904632568e-06,7.00044042238861e-05,0.00160018434217109,2.80000000000001,42.8,0.416666666666667
8.009498930809e-05,0.00165281729404737,0.571774612577779,982.888009749708,0.0271628989288735,8.99999904632568e-06,7.0006332440468e-05,0.00160037693846923,4.80000000000001,42.8,0.416666666666667
8.0096942655248e-05,0.00165301668093866,0.5728119018828,988.305062239207,0.0358279310408618,8.99999904632568e-06,7.00026913665644e-05,0.00160043046523262,4.80000000000001,42.8,0.416666666666667
8.0093328179041e-05,0.00165307642382206,0.570106166508642,981.608958550714,0.0312099293683959,8.99999904632568e-06,6.99891938505065e-05,0.00160023786893447,4.80000000000001,42.8,0.416666666666667
8.00797814465696e-05,0.00165288561704721,0.559747005370953,963.218658506414,0.0295182998212981,8.99999904632568e-06,6.99756963344486e-05,0.00160004527263632,3.80000000000001,42.8,0.416666666666667
8.00660994718101e-05,0.00165268686906119,0.613862050390336,1055.52354978073,0.0318485078165263,8.99999904632568e-06,6.99695736207689e-05,0.00160034375521094,3.60000000000002,42.8,0.416666666666667
8.0059790457906e-05,0.00165297895137247,0.569739063805656,979.061637632471,0.0272883374225278,8.99999904632568e-06,6.99657171876161e-05,0.00160079314657329,3.19999999999999,42.8,0.416666666666667
8.00558481182429e-05,0.00165343728927465,0.577603141280087,995.179661142819,0.0340836619881664,8.99999904632568e-06,6.99592564100042e-05,0.00160116666666667,3.80000000000001,42.8,0.416666666666667
8.00493336598739e-05,0.00165382495195248,0.577317507803542,993.365839690394,0.0314512832295042,8.99999904632568e-06,6.99399742442853e-05,0.00160116666666667,3.39999999999998,42.8,0.416666666666667
8.00299627902159e-05,0.00165383685846671,0.582331407053554,998.666831449093,0.0244611689283703,8.99999904632568e-06,6.99206920785663e-05,0.00160116666666667,3.60000000000002,42.8,0.416666666666667
8.00104168615952e-05,0.00165383689079121,0.574807353033135,991.93884039806,0.0393731272342545,8.99999904632568e-06,6.9887053464169e-05,0.00160116666666667,4.80000000000001,42.8,0.444444444444443
7.99765121006108e-05,0.00165383655190264,0.579727441685913,996.140614042786,0.0309035636365568,8.99999904632568e-06,6.98427044832974e-05,0.00160116666666667,4,42.8,0.416666666666667
7.99317014565151e-05,0.00165383595181368,0.569876348942493,983.302680358613,0.0408499438923433,8.99999904632568e-06,6.97983555024257e-05,0.00160116666666667,3.19999999999999,42.8,0.416666666666667
7.98867423127688e-05,0.00165383515397987,0.599822680205356,1030.3536246959,0.033435463197839,8.99999904632568e-06,6.97784873594491e-05,0.00160116666666667,3.60000000000002,42.8,0.416666666666667
7.98662619848763e-05,0.00165383434743251,0.57193215233294,982.848153108443,0.0326916183205176,8.99999904632568e-06,6.97592051939753e-05,0.00160116666666667,3.19999999999999,42.8,0.416666666666667
7.9846700949594e-05,0.00165383396628546,0.582546847892704,1001.80655975205,0.0354096448694237,8.99999904632568e-06,6.97516626118411e-05,0.00160106895114224,4.80000000000001,42.8,0.416666666666667
7.98388920151732e-05,0.00165373589878974,0.580462671390388,996.438071131093,0.0307297475223507,8.99999904632568e-06,6.97632319111165e-05,0.00160081215607804,4.39999999999998,43,0.444444444444443
7.98503549843127e-05,0.00165347592727092,0.580726973578987,997.307427259165,0.0314314748922213,8.99999904632568e-06,6.97748012103918e-05,0.00160055536101384,4.39999999999998,42.8,0.416666666666667
7.98620803687849e-05,0.00165321127091199,0.570649698815253,979.277659693902,0.0288942104998376,8.99999904632568e-06,6.97788078941256e-05,0.0016005,5,42.8,0.416666666666667
7.98662467108864e-05,0.00165314790790936,0.561179906051084,964.979382089887,0.0327770721288721,8.99999904632568e-06,6.97807361106741e-05,0.0016005,4.39999999999998,42.8,0.416666666666667
7.9868231658315e-05,0.00165314601573792,0.584263545501238,1004.91604073036,0.0351675570259293,8.99999904632568e-06,6.97808487986551e-05,0.00160057253626813,4.19999999999999,42.8,0.416666666666667
7.98683713742767e-05,0.00165321852785467,0.592385958178993,1019.21081900876,0.0368424870229897,8.99999904632568e-06,6.97731359324655e-05,0.00160095772886443,4.39999999999998,42.8,0.416666666666667
7.98606604105257e-05,0.00165360597117764,0.563291462316048,967.544217721751,0.0308284427111921,8.99999904632568e-06,6.9765423066276e-05,0.00160134292146073,4.19999999999999,42.8,0.416666666666667
7.98528425482152e-05,0.00165400304268046,0.589995486977993,1014.35650660172,0.0351280013583479,8.99999904632568e-06,6.97634197244079e-05,0.00160138594297149,4.39999999999998,42.8,0.416666666666667
7.98507327546449e-05,0.00165405823976837,0.573391239966927,985.67231984178,0.0333904098308257,8.99999904632568e-06,6.97653479409542e-05,0.00160119334667334,4.60000000000002,42.8,0.416666666666667
7.98526322432464e-05,0.00165386731821287,0.570661972421315,979.476712569012,0.0296041088999742,8.99999904632568e-06,6.97672761575005e-05,0.00160100075037519,3.80000000000001,42.8,0.416666666666667
7.98545863241257e-05,0.00165366883526759,0.579986917129404,997.104137623432,0.0340359719590817,8.99999904632568e-06,6.97692043740475e-05,0.00160106394864099,4,42.8,0.416666666666667
7.98565411483601e-05,0.00165372591338855,0.552434595148631,951.41655048911,0.0357829058520581,8.99999904632568e-06,6.97711325905945e-05,0.00160112814740704,3.80000000000001,42.8,0.416666666666667
7.98584959827162e-05,0.00165379191590123,0.588093957480521,1009.55831199916,0.0311898385706023,8.99999904632568e-06,6.97692043740493e-05,0.00160098691012173,4.19999999999999,42.8,0.416666666666667
7.9856594384118e-05,0.00165365275907075,0.601624347611192,1031.14512711088,0.0285175039850519,8.99999904632568e-06,6.97614915078657e-05,0.00160053751875938,3.80000000000001,42.8,0.416666666666667
7.98488556248706e-05,0.00165319901997024,0.567055705286532,975.878119148136,0.035749418226841,8.99999904632568e-06,6.97537786416821e-05,0.00160008812739703,3.19999999999999,42.8,0.444444444444443
7.98410373840895e-05,0.00165273542548641,0.590666420071688,1013.86155990192,0.031483873844755,8.99999904632568e-06,6.97553662901096e-05,0.0016,4.60000000000002,42.8,0.416666666666667
7.98425185756614e-05,0.0016526327880116,0.554543249870807,954.867854429324,0.0358240632991936,8.99999904632568e-06,6.97592227231999e-05,0.0016,3.39999999999998,42.8,0.416666666666667
7.9846395177355e-05,0.00165262963141023,0.575043650824699,989.494706836291,0.0360020095622487,8.99999904632568e-06,6.97582711358202e-05,0.00160008004002001,3,42.8,0.416666666666667
7.98454963756132e-05,0.0016527096409688,0.580514189981012,996.10619173332,0.0303670427237195,8.99999904632568e-06,6.97389889703983e-05,0.00160046523261631,4,42.8,0.416666666666667
7.98262019716827e-05,0.00165309729869691,0.573900427629484,988.360373015964,0.0388302380049623,8.99999904632568e-06,6.97197068049765e-05,0.00160085042521261,3.80000000000001,42.8,0.416666666666667
7.98066570845526e-05,0.00165349417541915,0.569341184588282,975.568328930459,0.0270736123649123,8.99999904632568e-06,6.97110398472484e-05,0.00160060730365183,4.19999999999999,42.8,0.416666666666667
7.97977239944189e-05,0.00165326301947097,0.576652082638271,990.70712240292,0.0337445103250306,8.99999904632568e-06,6.97091116307103e-05,0.00159996531599133,3.60000000000002,42.8,0.416666666666667
7.97956741407103e-05,0.00165261370929189,0.577144015914577,989.357764398681,0.0286548991433106,8.99999904632568e-06,6.97074839154513e-05,0.00159934133733533,2.19999999999999,42.8,0.444444444444443
7.97940185136759e-05,0.00165196956260051,0.595017671756448,1023.59700373325,0.038034605927443,8.99999904632568e-06,6.9724837864321e-05,0.00159985492746373,3.39999999999998,42.8,0.416666666666667
7.98113499187466e-05,0.001652463151647,0.582842331927414,1001.19702419749,0.0330440405272048,8.99999904632568e-06,6.97421918131906e-05,0.00160036851759213,4.80000000000001,42.8,0.416666666666667
7.98289398602058e-05,0.00165299234728662,0.572570917683388,983.692441471565,0.0316868592257851,8.99999904632568e-06,6.97773404463324e-05,0.00160096289811572,4.39999999999998,42.8,0.416666666666667
7.98643280062906e-05,0.00165360344182857,0.576762235411202,989.688785825998,0.0276332496617525,8.99999904632568e-06,6.9837115159566e-05,0.00160166908454227,4.80000000000001,42.8,0.416666666666667
7.99245845812197e-05,0.00165432919111455,0.578501192135197,995.198259380251,0.0321642286672203,8.99999904632568e-06,6.98968898727996e-05,0.00160237527096882,4.39999999999998,42.8,0.416666666666667
7.99851797764105e-05,0.00165505892780962,0.584895868140148,1005.44766778384,0.0304844814633517,8.99999904632568e-06,6.99122104298297e-05,0.00160223570118393,4.19999999999999,42.8,0.416666666666667
8.00013254262111e-05,0.0016549430378145,0.600132604468457,1032.77999575431,0.0342154242395989,8.99999904632568e-06,6.99179950795353e-05,0.00160191470735368,4,42.8,0.416666666666667
8.0007329922703e-05,0.00165461873148297,0.566316719973988,973.39687250664,0.0286149144339467,8.99999904632568e-06,6.99242179602817e-05,0.00160162289478072,5,42.8,0.416666666666667
8.00136345635068e-05,0.00165431696794289,0.554755525508613,957.856901002679,0.037715982045777,8.99999904632568e-06,6.99319308265663e-05,0.00160143029848257,4.80000000000001,42.8,0.416666666666667
8.00214332767556e-05,0.0016541151248545,0.592315035393065,1018.52995342925,0.0310927030622936,8.99999904632568e-06,6.99396436928509e-05,0.00160123770218443,4.39999999999998,42.8,0.444444444444443
8.00292523339997e-05,0.00165391640586184,0.560149971368513,963.560218071513,0.0293328250122396,8.99999904632568e-06,6.99510076497519e-05,0.00160132874770719,4.39999999999998,42.8,0.416666666666667
8.00407227588737e-05,0.00165400142590899,0.59052044977079,1014.97623574688,0.02918811780096,8.99999904632568e-06,6.99645051657786e-05,0.00160158554277139,4.60000000000002,42.8,0.416666666666667
8.0054376461618e-05,0.00165426105655197,0.574637753062948,989.745907651094,0.0326240613536525,8.99999904632568e-06,6.99774617794932e-05,0.0016017928130732,4,42.8,0.416666666666667
8.00675189905918e-05,0.00165447661434176,0.588231603681512,1010.92359176452,0.0284544592808678,8.99999904632568e-06,6.99755335629157e-05,0.00160063723528431,4.80000000000001,42.8,0.416666666666667
8.00657697288904e-05,0.00165332794863723,0.584312364344832,1008.66748208465,0.0387943194559535,8.99999904632568e-06,6.99736053463382e-05,0.00159948165749541,3.39999999999998,42.8,0.416666666666667
8.00638176935402e-05,0.00165213672511617,0.582070042297777,1001.539916664,0.0310465757511462,8.99999904632568e-06,6.99691378939075e-05,0.00159883333333333,4.60000000000002,42.8,0.416666666666667
8.0059323661275e-05,0.00165145143215614,0.585204676023629,1008.40719541906,0.0349593251936916,8.99999904632568e-06,6.9961425027605e-05,0.00159883333333333,4.19999999999999,42.8,0.416666666666667
8.00515496021086e-05,0.00165143010594273,0.565657550799619,972.189189944323,0.0276619186672809,8.99999904632568e-06,6.99537121613026e-05,0.00159883333333333,4.60000000000002,42.8,0.416666666666667
8.00437308805483e-05,0.00165142930952039,0.579242250274395,997.200990539899,0.0327963262468758,8.99999904632568e-06,6.99411236616831e-05,0.00159942854760714,3.19999999999999,42.8,0.416666666666667
8.00310359175266e-05,0.00165202436313806,0.572223051863274,985.910389039267,0.0344540118950095,8.99999904632568e-06,6.99276261456824e-05,0.00160013473403368,4.60000000000002,42.8,0.416666666666667
8.00173655409191e-05,0.00165274877892857,0.592082588994071,1017.37786318152,0.0300252309965356,8.99999904632568e-06,6.99117496612053e-05,0.00160076171419043,4.60000000000002,42.8,0.416666666666667
8.00013029141436e-05,0.00165339798246677,0.563692011104053,974.163336705218,0.0415845022515122,8.99999904632568e-06,6.98886110624317e-05,0.00160114690678673,3,42.8,0.416666666666667
7.99779455990644e-05,0.00165380302482787,0.581892566231535,999.688270820738,0.0300663200512967,8.99999904632568e-06,6.98654724636582e-05,0.00160153209938302,3.80000000000001,42.8,0.416666666666667
7.99544889560672e-05,0.00165420036992343,0.561270624643898,968.056595596072,0.0376171594640337,8.99999904632568e-06,6.98598981648579e-05,0.00160179197932299,4,42.8,0.416666666666667
7.99485952605475e-05,0.00165447216197544,0.585366178613331,1007.27283243188,0.0341857810360606,8.99999904632568e-06,6.98637545979793e-05,0.00160198457562114,3.80000000000001,42.8,0.416666666666667
7.99523714423298e-05,0.00165467308291956,0.554319755277699,953.880412168428,0.0317570473058104,8.99999904632568e-06,6.98686627855919e-05,0.00160216666666667,3,42.8,0.416666666666667
7.99573310482154e-05,0.00165486146934755,0.568692803768044,979.253771973155,0.0337297793154797,8.99999904632568e-06,6.98918013843834e-05,0.00160216666666667,4.19999999999999,42.8,0.416666666666667
7.99805371793408e-05,0.00165486739666613,0.579620719579406,997.657110033964,0.0330393587504577,8.99999904632568e-06,6.99149399831748e-05,0.00160216666666667,3,42.8,0.416666666666667
8.00039917637638e-05,0.00165486798398678,0.592475432723571,1021.4483265993,0.0373673547928636,8.99999904632568e-06,6.99398465312432e-05,0.00160216666666667,4.39999999999998,42.8,0.416666666666667
8.00292176805211e-05,0.00165486841005689,0.587653698412619,1014.31568143596,0.0390037012669292,8.99999904632568e-06,6.99668415633017e-05,0.00160216666666667,4.80000000000001,42.8,0.416666666666667
8.00565562005654e-05,0.00165486886192961,0.591354533690828,1016.77179063699,0.0293319246306062,8.99999904632568e-06,6.99938365953603e-05,0.00160216666666667,3.39999999999998,42.8,0.416666666666667
8.0083923486813e-05,0.00165486935133913,0.570059318423989,983.850319717943,0.0360376800568984,8.99999904632568e-06,7.00125177586136e-05,0.00160144697348674,4.60000000000002,42.8,0.416666666666667
8.01029772959496e-05,0.00165415014923282,0.568498026400185,978.849575164471,0.030097474840232,8.99999904632568e-06,7.00298717078711e-05,0.0016006123895281,4.60000000000002,42.8,0.416666666666667
8.0120590690863e-05,0.00165329359716157,0.593068786906467,1018.84192174223,0.0259305562043799,8.99999904632568e-06,7.00477390135106e-05,0.00160017091879273,4.60000000000002,42.8,0.416666666666667
8.01386978287988e-05,0.00165282587461846,0.595392022789377,1026.01125993424,0.0331401917664932,8.99999904632568e-06,7.00670211794227e-05,0.00160081290645323,4.19999999999999,42.8,0.416666666666667
8.01582265500453e-05,0.00165345367503259,0.580424723914192,1000.69560939552,0.0325825645358114,8.99999904632568e-06,7.00863033453349e-05,0.00160145489411372,4.19999999999999,42.8,0.416666666666667
8.01777746282409e-05,0.00165411546774672,0.586767387014008,1010.67085976466,0.0305142523577598,8.99999904632568e-06,7.00978325780579e-05,0.00160183875270969,3.80000000000001,42.8,0.416666666666667
8.01895700368206e-05,0.0016545201856918,0.588988119712144,1015.81928309614,0.0336063676572413,8.99999904632568e-06,7.01055454444436e-05,0.00160209554777389,3.39999999999998,42.8,0.416666666666667
8.01974435150554e-05,0.00165478973447917,0.561279249540127,971.19281843022,0.0386218962318817,8.99999904632568e-06,7.01129728346063e-05,0.00160237135234284,3.19999999999999,42.8,0.416666666666667
8.02049781142129e-05,0.00165507403354192,0.570358188169246,985.830461822146,0.0368537617502085,8.99999904632568e-06,7.01168292678036e-05,0.00160288494247124,4,42.8,0.416666666666667
8.02089371420676e-05,0.00165559656961552,0.584448768452013,1009.21153544322,0.0357185269696945,8.99999904632568e-06,7.01206857010009e-05,0.00160339853259963,4.19999999999999,42.8,0.416666666666667
8.02128474832563e-05,0.00165612643024441,0.584678735457246,1005.78446989862,0.0266669957498475,8.99999904632568e-06,7.01226990596311e-05,0.00160366666666667,3.80000000000001,42.8,0.416666666666667
8.02149140869374e-05,0.0016564110610691,0.585954598067902,1011.19896979171,0.0343541183314428,8.99999904632568e-06,7.01226990596311e-05,0.00160366666666667,4,42.8,0.416666666666667
8.02149422267883e-05,0.00165641992221601,0.586927073549836,1011.52545407445,0.0312458870150303,8.99999904632568e-06,7.01226990596311e-05,0.00160366666666667,4.19999999999999,42.8,0.416666666666667
8.02149426099538e-05,0.00165642019745241,0.587660336389306,1011.53713949044,0.0286948746519253,8.99999904632568e-06,7.01090963680055e-05,0.00160315716191429,3.19999999999999,42.8,0.416666666666667
8.02013399235455e-05,0.00165591070124062,0.563685821646905,973.938326363315,0.0360293239362321,8.99999904632568e-06,7.00936706352341e-05,0.00160257937301984,4,42.8,0.416666666666667
8.01857289701773e-05,0.00165531687846032,0.583188339132094,1006.45355881294,0.0354135680800655,8.99999904632568e-06,7.0075490307354e-05,0.00160216666666667,4.80000000000001,42.8,0.416666666666667
8.01673360761899e-05,0.00165488548868507,0.591179432919329,1018.47346832757,0.0325772907283059,8.99999904632568e-06,7.0050423491702e-05,0.00160216666666667,4.80000000000001,42.8,0.416666666666667
8.01420188142144e-05,0.00165487179325421,0.578872094299428,998.036781872437,0.0340660255133621,8.99999904632568e-06,7.002535667605e-05,0.00160216666666667,3,42.8,0.416666666666667
8.0116607266777e-05,0.00165487092836575,0.588540214724873,1012.04715422382,0.0287434386379706,8.99999904632568e-06,7.00189059150959e-05,0.00160172394530599,3.19999999999999,42.8,0.416666666666667
8.01098104902022e-05,0.00165442773829844,0.588840549445533,1014.52643810616,0.033363694294444,8.99999904632568e-06,7.00208341316801e-05,0.00160108195764549,4.60000000000002,42.8,0.416666666666667
8.01116461586693e-05,0.00165377189097827,0.569434224153416,981.018016066159,0.0315782256065581,8.99999904632568e-06,7.00252865590736e-05,0.00160060805402701,5,42.8,0.416666666666667
8.01161235813909e-05,0.00165327768420171,0.582210717734381,1002.92005163482,0.0315392639373853,8.99999904632568e-06,7.00542098079252e-05,0.00160176363181591,5,42.8,0.416666666666667
8.0145107796943e-05,0.0016544180165673,0.58538824050596,1010.04768383143,0.0349265430717734,8.99999904632568e-06,7.00831330567767e-05,0.0016029192096048,4,42.8,0.416666666666667
8.01744257085501e-05,0.00165560945530431,0.598399816384107,1030.22049496755,0.0301640096056403,8.99999904632568e-06,7.0100547106355e-05,0.0016033084042021,3.39999999999998,42.8,0.416666666666667
8.01922389646469e-05,0.00165603610124705,0.573246699863257,990.213012875164,0.0359472472562478,8.99999904632568e-06,7.01063317561454e-05,0.0016029232116058,3,42.8,0.416666666666667
8.01982661681378e-05,0.00165566444691572,0.582640572609322,1004.01855120451,0.0309173192072911,8.99999904632568e-06,7.01121164059357e-05,0.0016025380190095,4.80000000000001,42.8,0.416666666666667
8.02041328871749e-05,0.00165526783568394,0.590546467455281,1017.64325061357,0.0310895050898553,8.99999904632568e-06,7.01283284504494e-05,0.00160302076038019,3.80000000000001,42.8,0.416666666666667
8.02204248157033e-05,0.00165573838181944,0.565264535135964,976.494021163125,0.0344731717384487,8.99999904632568e-06,7.01456823998607e-05,0.00160359854927464,4,42.8,0.416666666666667
8.0238000603701e-05,0.00165633104368512,0.575255812658054,992.189268645164,0.0311414908577509,8.99999904632568e-06,7.01648017943705e-05,0.001604,6,42.8,0.416666666666667
8.02573593184336e-05,0.00165675117600463,0.567120323247491,979.582354590158,0.0332967187782728,8.99999904632568e-06,7.01879403936793e-05,0.001604,4.39999999999998,42.8,0.416666666666667
8.02807615151369e-05,0.00165676453918392,0.581638208698388,1003.70832573069,0.0316247384545357,8.99999904632568e-06,7.0211078992988e-05,0.001604,4.19999999999999,42.8,0.416666666666667
8.03042187697986e-05,0.00165676536046893,0.583935562244741,1008.94848312488,0.0346593162265945,8.99999904632568e-06,7.02164429410067e-05,0.001604,3,42.8,0.416666666666667
8.03099021228654e-05,0.00165676579383973,0.587117983321395,1013.5629549079,0.0328942584303234,8.99999904632568e-06,7.02145147243935e-05,0.001604,4.19999999999999,42.8,0.416666666666667
8.03080512934694e-05,0.00165676590610651,0.577283718932188,995.579416174465,0.0298139930873542,8.99999904632568e-06,7.02128043712159e-05,0.001604,5.19999999999999,42.8,0.416666666666667
8.03063157385254e-05,0.00165676587740273,0.59392699934563,1024.16752416244,0.0307634474347045,8.99999904632568e-06,7.02128043712159e-05,0.001604,4.39999999999998,42.8,0.416666666666667
8.03062921063903e-05,0.00165676584633259,0.565515363092348,980.499041288784,0.041094201904548,8.99999904632568e-06,7.02128043712159e-05,0.001604,4.39999999999998,42.8,0.416666666666667
8.0306291784604e-05,0.00165676584495829,0.592788780157384,1023.10367360613,0.032860850732237,8.99999904632568e-06,7.0210811045991e-05,0.00160340270135068,3.80000000000001,42.8,0.416666666666667
8.03042984549975e-05,0.00165616854626076,0.577023080704367,997.463502798272,0.0354057954348985,8.99999904632568e-06,7.02069546127669e-05,0.00160224712356178,5,42.8,0.416666666666667
8.03004148796569e-05,0.00165499441407765,0.57654350087701,996.508203227732,0.035168924515275,8.99999904632568e-06,7.02030981795428e-05,0.00160109154577289,3.19999999999999,42.8,0.416666666666667
8.02965055658385e-05,0.00165380236383341,0.584601153152951,1008.2986411318,0.0314331622233205,8.99999904632568e-06,7.01797116667007e-05,0.00160147290311823,3.60000000000002,42.8,0.416666666666667
8.02730658219348e-05,0.00165414669271179,0.575595574789881,993.430352365497,0.0329574943598887,8.99999904632568e-06,7.01546448508168e-05,0.00160198649324662,3.60000000000002,42.8,0.416666666666667
8.02476798394374e-05,0.0016546705514352,0.596148716144756,1025.27611025482,0.0266683511709182,8.99999904632568e-06,7.01295780349736e-05,0.00160233333333333,3.60000000000002,42.8,0.416666666666667
8.02222673560778e-05,0.00165503319274185,0.566525638110659,977.554529703028,0.0329983329168662,8.99999904632568e-06,7.01045112192153e-05,0.00160233333333333,3.39999999999998,42.8,0.416666666666667
8.01968545119548e-05,0.00165504399482394,0.583695650792193,1005.58002059387,0.0312377996460089,8.99999904632568e-06,7.0079444403457e-05,0.00160233333333333,5,42.8,0.416666666666667
8.01714416629195e-05,0.00165504388783866,0.579619652181231,1000.36541736,0.0351353529099317,8.99999904632568e-06,7.00810696145772e-05,0.00160238010672003,4,42.8,0.416666666666667
8.01727208406958e-05,0.0016550902159955,0.582921359040303,1005.89774168657,0.0347244609491171,8.99999904632568e-06,7.00926389141423e-05,0.00160244430548608,3.39999999999998,42.8,0.416666666666667
8.01843075581491e-05,0.00165515587344776,0.584976679415447,1008.07283833059,0.0313314169795997,8.99999904632568e-06,7.01054853441882e-05,0.0016025,4,42.8,0.416666666666667
8.01973117584072e-05,0.00165521380520973,0.582641913509635,1005.89958159455,0.0349583836255828,8.99999904632568e-06,7.01266957267938e-05,0.0016025,4.39999999999998,42.8,0.416666666666667
8.02186992123397e-05,0.00165521582756556,0.58365648847268,1006.71112330979,0.0322840705778803,8.99999904632568e-06,7.01479061093994e-05,0.0016025,3.80000000000001,42.8,0.416666666666667
8.02402008166101e-05,0.00165521626218407,0.558254149902392,963.897195733314,0.0321789997949012,8.99999904632568e-06,7.01711849426023e-05,0.0016020867933967,6,42.8,0.416666666666667
8.02637724258026e-05,0.00165480344295519,0.581222289480086,1003.76346249872,0.0337889531726513,8.99999904632568e-06,7.0196251758525e-05,0.0016013164082041,5.19999999999999,42.8,0.416666666666667
8.02891602038786e-05,0.00165402066786166,0.590209399951798,1019.08030302054,0.0333899618294798,8.99999904632568e-06,7.02213185744476e-05,0.00160054602301151,2.80000000000001,42.8,0.416666666666667
8.03145727117672e-05,0.00165322645356788,0.574464185856628,992.228812467044,0.0327611811032736,8.99999904632568e-06,7.02282551459035e-05,0.00160086218109055,3,42.8,0.416666666666667
8.03218553119218e-05,0.00165351842829406,0.59094948241304,1017.78812639747,0.0270258621706484,8.99999904632568e-06,7.02340397957497e-05,0.00160124737368684,4.19999999999999,42.8,0.416666666666667
8.0327739125088e-05,0.00165391280044364,0.590611365593408,1021.59105285428,0.0371513071688016,8.99999904632568e-06,7.02424788736727e-05,0.0016015,3.80000000000001,42.8,0.416666666666667
8.03362583197875e-05,0.00165417775690142,0.597813646123296,1032.15253554309,0.0329561266907961,8.99999904632568e-06,7.02559763900064e-05,0.0016015,3.19999999999999,42.8,0.416666666666667
8.03498718374962e-05,0.0016541861202349,0.576216392701899,995.621423182693,0.0327053344546155,8.99999904632568e-06,7.02694739063401e-05,0.0016015,4.39999999999998,42.8,0.416666666666667
8.03635547219107e-05,0.00165418661627695,0.57386407829343,992.239116747526,0.0340663370184927,8.99999904632568e-06,7.02714321730867e-05,0.00160193221610805,5,42.8,0.416666666666667
8.0365699301268e-05,0.00165461908570153,0.574616506453066,993.066867171751,0.033071385591134,8.99999904632568e-06,7.02695039564654e-05,0.0016025100050025,4.39999999999998,42.8,0.416666666666667
8.03638002862511e-05,0.00165521032095476,0.580861116783902,1005.65796187713,0.0377914331376627,8.99999904632568e-06,7.02687476948818e-05,0.00160288294147074,4.39999999999998,42.8,0.416666666666667
8.0363018166783e-05,0.00165560155612989,0.573153343957849,992.175385990246,0.0366428642706747,8.99999904632568e-06,7.0274532344748e-05,0.00160211255627814,3,42.8,0.416666666666667
8.03687921669415e-05,0.0016548432879013,0.58053087400572,1001.73290758874,0.0296104715176964,8.99999904632568e-06,7.02803169946142e-05,0.00160134217108554,3.80000000000001,42.8,0.416666666666667
8.03746554383184e-05,0.00165404949239211,0.579780800022878,1004.65433378019,0.0396821898724148,8.99999904632568e-06,7.0270024825394e-05,0.00160110705352676,3.80000000000001,42.8,0.416666666666667
8.0364443106168e-05,0.00165378986451689,0.583164072748021,1007.9032325728,0.0344842453751988,8.99999904632568e-06,7.02468862259693e-05,0.00160129964982491,3.19999999999999,42.8,0.416666666666667
8.03411654508098e-05,0.00165397423325605,0.577920212441104,997.724810342552,0.0320361621107683,8.99999904632568e-06,7.02237476265445e-05,0.00160149224612306,4.39999999999998,42.8,0.416666666666667
8.03177098918457e-05,0.00165417214127371,0.568775537192082,981.723348617563,0.0308813118955069,8.99999904632568e-06,7.02228160725417e-05,0.0016015,4.39999999999998,42.8,0.416666666666667
8.03164589558842e-05,0.00165418562357286,0.567708819845611,978.717150339816,0.0280882021633751,8.99999904632568e-06,7.02228160725417e-05,0.0016015,4.19999999999999,42.8,0.416666666666667
8.03164419225499e-05,0.00165418601984955,0.602726204330114,1040.44427582884,0.0339995900309681,8.99999904632568e-06,7.0215804375776e-05,0.0016015,3.60000000000002,42.8,0.416666666666667
8.03094299938503e-05,0.00165418603184024,0.570032941396404,983.167288979485,0.0299356882339615,8.99999904632568e-06,7.01965222096705e-05,0.0016015,3.60000000000002,42.8,0.444444444444443
8.0290052350015e-05,0.0016541859102792,0.569188954572624,983.293523273184,0.034045184860927,8.99999904632568e-06,7.01772400435651e-05,0.0016015,4,42.8,0.416666666666667
8.02705063287674e-05,0.00165418556954565,0.588674603461979,1015.34114074342,0.0319663819849472,8.99999904632568e-06,7.01727575659899e-05,0.00160159854927464,4.19999999999999,42.8,0.416666666666667
8.02657577033438e-05,0.00165428376836314,0.586789215418736,1011.16403571344,0.0296353043244984,8.99999904632568e-06,7.01727575659899e-05,0.00160172694680674,4.39999999999998,42.8,0.416666666666667
8.02656930438193e-05,0.00165441512805391,0.58662614574808,1012.71483134807,0.0338251155152322,8.99999904632568e-06,7.01773852858588e-05,0.00160183333333333,4,42.8,0.416666666666667
8.02703198832536e-05,0.00165452558637009,0.606507646889204,1047.22075905403,0.0352347946816484,8.99999904632568e-06,7.02043803184273e-05,0.00160183333333333,3.80000000000001,42.8,0.416666666666667
8.02973779170511e-05,0.00165452909167763,0.582287080183885,1009.14927931401,0.0412679280893133,8.99999904632568e-06,7.02313753509958e-05,0.00160183333333333,3.39999999999998,42.8,0.416666666666667
8.03247413845756e-05,0.00165452967088392,0.576002509797265,994.880306204452,0.0318486457423463,8.99999904632568e-06,7.02683545391129e-05,0.00160242429548107,3.80000000000001,42.8,0.416666666666667
8.03620931665784e-05,0.00165512112682308,0.570988417110461,988.46840717488,0.0355964279277507,8.99999904632568e-06,7.03127035215063e-05,0.00160345147573787,4.80000000000001,42.8,0.444444444444443
8.04069507484605e-05,0.0016561672951748,0.567146244657984,981.319533474853,0.0330257670899019,8.99999904632568e-06,7.03570525038996e-05,0.00160447865599466,5,42.8,0.416666666666667
8.04519105328555e-05,0.00165722769277531,0.572410859205402,990.291962393899,0.0329008507607722,8.99999904632568e-06,7.03655266403827e-05,0.0016045,3.60000000000002,42.8,0.416666666666667
8.04609968629779e-05,0.00165728269709102,0.578794451174449,1000.71113573226,0.031741321601807,8.99999904632568e-06,7.03732395069261e-05,0.0016045,4.19999999999999,42.8,0.416666666666667
8.04688334532797e-05,0.00165728456054982,0.581972286285751,1009.76151222943,0.0401534868018347,8.99999904632568e-06,7.03787361764277e-05,0.00160405727863932,4,42.8,0.416666666666667
8.04744368294927e-05,0.00165684203324033,0.573414561869509,992.065115084716,0.0326822836636274,8.99999904632568e-06,7.03806643930654e-05,0.00160290170085043,4.80000000000001,42.8,0.416666666666667
8.04764413443449e-05,0.0016556728319716,0.59511192926884,1029.3251959253,0.0337234020872941,8.99999904632568e-06,7.03825926097031e-05,0.00160174612306153,3.80000000000001,42.8,0.416666666666667
8.04783968554027e-05,0.00165448103700438,0.578057090806714,995.92547651719,0.0233096318987966,8.99999904632568e-06,7.03784507002e-05,0.00160155052526263,2.80000000000001,42.8,0.416666666666667
8.04742815730609e-05,0.00165424852063903,0.59280381536914,1022.69577519018,0.0275487133331469,8.99999904632568e-06,7.03726660502891e-05,0.00160161472402868,3.80000000000001,42.8,0.416666666666667
8.04684408875238e-05,0.00165430543848416,0.573469089130816,992.857248447005,0.0346491255185778,8.99999904632568e-06,7.03672495144642e-05,0.00160175245956311,5,42.8,0.416666666666667
8.04629448221686e-05,0.00165444483723697,0.571315020114217,987.718636479031,0.0312927743620709,8.99999904632568e-06,7.0363393081194e-05,0.00160220185092546,4.60000000000002,42.8,0.416666666666667
8.04590135518791e-05,0.00165489845519798,0.569421245292427,985.153733232479,0.0329007971968579,8.99999904632568e-06,7.03595366479238e-05,0.00160265124228781,3.80000000000001,42.8,0.416666666666667
8.04551035885776e-05,0.00165536184299165,0.582766472278077,1009.06109579593,0.0359992968175651,8.99999904632568e-06,7.03545333013856e-05,0.00160329156244789,4.19999999999999,42.8,0.416666666666667
8.04500470021342e-05,0.00165601646287517,0.571542235716051,990.123313193048,0.0363551383981953,8.99999904632568e-06,7.03487486514859e-05,0.00160406194764049,5.19999999999999,42.8,0.444444444444443
8.04441934993674e-05,0.00165680705715855,0.573532891686767,990.446752468279,0.0293875771713896,8.99999904632568e-06,7.03429640015862e-05,0.00160483233283308,3.80000000000001,42.8,0.416666666666667
8.0438329145412e-05,0.00165760185358084,0.580485959361986,1002.33746011065,0.03039193452096,8.99999904632568e-06,7.03121450898741e-05,0.0016034227947307,3.39999999999998,42.8,0.444444444444443
8.04074303818892e-05,0.00165621685681019,0.580499850474431,1004.32533702553,0.0357854998767294,8.99999904632568e-06,7.02812936238554e-05,0.00160201042187761,3.39999999999998,42.8,0.416666666666667
8.03761581837263e-05,0.00165476100369754,0.571057534614174,988.57668482271,0.0369797464690217,8.99999904632568e-06,7.02566525179082e-05,0.00160121835917959,4.60000000000002,42.8,0.416666666666667
8.03510912607726e-05,0.00165392325728772,0.579899183853585,1002.43075695615,0.034759894779003,8.99999904632568e-06,7.02412267849702e-05,0.00160134675671169,4,42.8,0.416666666666667
8.03353242047836e-05,0.00165402524391431,0.592405496995447,1023.30680392521,0.034479226593164,8.99999904632568e-06,7.02258010520323e-05,0.00160147515424379,4.19999999999999,42.8,0.416666666666667
8.03196837801713e-05,0.00165415652944593,0.567744317861536,980.358395592317,0.0313863021600222,8.99999904632568e-06,7.02383670143569e-05,0.0016015,5.19999999999999,42.8,0.416666666666667
8.03320367750943e-05,0.00165418517384007,0.596789895591675,1030.3926753148,0.0328460261155559,8.99999904632568e-06,7.02576491805367e-05,0.0016015,3.80000000000001,42.8,0.416666666666667
8.03514871454819e-05,0.00165418627679323,0.579503976952977,1002.12807098656,0.0346829137038431,8.99999904632568e-06,7.02777427002233e-05,0.00160152701350675,3.80000000000001,42.8,0.416666666666667
8.03718455105896e-05,0.00165421366272706,0.585300267791542,1011.41151926469,0.0328285544768347,8.99999904632568e-06,7.03008812997373e-05,0.00160165541103885,4.19999999999999,42.8,0.416666666666667
8.03952613192094e-05,0.00165434326340084,0.577603627412641,998.697866131466,0.0330120275524903,8.99999904632568e-06,7.03240198992514e-05,0.00160178380857095,3.80000000000001,42.8,0.416666666666667
8.04187187594227e-05,0.00165447608649263,0.574062484050206,995.040008268536,0.037740199716869,8.99999904632568e-06,7.03530808785156e-05,0.00160191220610305,4,42.8,0.416666666666667
8.04480991462616e-05,0.00165460901022206,0.584494749275846,1008.62559388626,0.0272795517457466,8.99999904632568e-06,7.03858605613439e-05,0.00160204060363515,3.19999999999999,42.8,0.416666666666667
8.04812788863007e-05,0.00165474204006797,0.590783435258242,1023.01207757462,0.0352030735000484,8.99999904632568e-06,7.04179741329702e-05,0.00160217133566783,4.19999999999999,42.8,0.416666666666667
8.05138442489237e-05,0.00165487747377294,0.560949765158765,973.831928842726,0.0386228526506611,8.99999904632568e-06,7.04141176996851e-05,0.00160242813073203,3.60000000000002,42.8,0.416666666666667
8.05104312409826e-05,0.00165513903435942,0.5765138253903,997.750394763418,0.0329246913926534,8.99999904632568e-06,7.04102612664e-05,0.00160268492579623,4,42.8,0.416666666666667
8.05065283345709e-05,0.00165540387997221,0.570413802373403,986.231235180858,0.0303145799460029,8.99999904632568e-06,7.04064048331162e-05,0.00160305010838753,3.80000000000001,42.8,0.416666666666667
8.05026187574717e-05,0.00165577720644799,0.573314328007734,992.618058643156,0.0338146942276772,8.99999904632568e-06,7.04025483998341e-05,0.00160356369851592,4.60000000000002,42.8,0.416666666666667
8.0498709089543e-05,0.00165630230388219,0.580844978868036,1004.37904891894,0.0315308375164284,8.99999904632568e-06,7.0398691966552e-05,0.00160407728864432,3.80000000000001,42.8,0.444444444444443
8.04947994203776e-05,0.00165683210709672,0.571582989946619,989.845946476276,0.0343554919726055,8.99999904632568e-06,7.03964281901327e-05,0.00160432574620644,4.80000000000001,42.8,0.416666666666667
8.04924824080581e-05,0.00165709692365149,0.586223937006526,1014.84568536934,0.0347884556084783,8.99999904632568e-06,7.03944999734928e-05,0.00160451834250459,3.60000000000002,42.8,0.416666666666667
8.04905226418851e-05,0.00165729769051081,0.572227036589567,990.47720603633,0.0335342878054847,8.99999904632568e-06,7.03863664051412e-05,0.00160456336501584,4,42.8,0.416666666666667
8.04823623884326e-05,0.00165734890388266,0.583165818257105,1008.5766822739,0.0332037273230599,8.99999904632568e-06,7.03574431556315e-05,0.00160411397365349,3.60000000000002,42.8,0.416666666666667
8.04533280250613e-05,0.0016569009585311,0.582143465093439,1007.21418250754,0.0348170884531323,8.99999904632568e-06,7.03285199061218e-05,0.00160366458229115,3.80000000000001,42.8,0.416666666666667
8.04240094299596e-05,0.00165643717337065,0.557973266403244,965.536255035927,0.0341797041310922,8.99999904632568e-06,7.0289820348066e-05,0.00160354068701017,4,42.8,0.416666666666667
8.03849106560786e-05,0.00165629838822283,0.585271512399864,1010.05473578766,0.0311884030036161,8.99999904632568e-06,7.02454713658095e-05,0.00160360488577622,3.80000000000001,42.8,0.416666666666667
8.03400292864676e-05,0.00165635760394068,0.574248023557163,993.216679809932,0.0365875699797957,8.99999904632568e-06,7.02017759738691e-05,0.00160369084542271,5.60000000000002,42.8,0.416666666666667
8.02957227686206e-05,0.00165644461916119,0.583107424305484,1005.91862288463,0.0319100659944996,8.99999904632568e-06,7.01747809413839e-05,0.00160433283308321,5.19999999999999,42.8,0.416666666666667
8.02681244376816e-05,0.00165708853433818,0.562246005286128,969.540872758141,0.0301485188650889,8.99999904632568e-06,7.01477859088987e-05,0.00160497482074371,4,42.8,0.416666666666667
8.02407536132997e-05,0.00165775000719525,0.567828694777545,977.975982864615,0.0279407969557196,8.99999904632568e-06,7.01403735437562e-05,0.00160564515591129,3.80000000000001,42.8,0.416666666666667
8.02329685540971e-05,0.00165844037590573,0.59999341735823,1035.87536914738,0.0356850718489712,8.99999904632568e-06,7.01577274931943e-05,0.00160635134233784,3.60000000000002,42.8,0.416666666666667
8.02502164984955e-05,0.00165916783239814,0.563785149577749,976.53917616977,0.039646460513106,8.99999904632568e-06,7.01750814426323e-05,0.00160705752876438,4.60000000000002,42.8,0.416666666666667
8.02678053040832e-05,0.00165989687413481,0.572365747782209,990.876387646278,0.0384599374682943,8.99999904632568e-06,7.02054771481506e-05,0.00160754660663665,4.19999999999999,42.8,0.416666666666667
8.0298440507078e-05,0.00166040886239633,0.574595829153831,994.905963663501,0.0382262476797086,8.99999904632568e-06,7.02382568305869e-05,0.001607995997999,4,42.8,0.416666666666667
8.03316373328939e-05,0.00166087466109679,0.587206576789906,1014.85352953229,0.0342693818473501,8.99999904632568e-06,7.0264786086189e-05,0.00160833333333333,3.39999999999998,42.8,0.416666666666667
8.03586186121407e-05,0.00166122701616929,0.584159391068406,1008.70984701875,0.0317565481207341,8.99999904632568e-06,7.02724989526758e-05,0.00160833333333333,3.60000000000002,42.8,0.416666666666667
8.03666988684573e-05,0.00166123841041132,0.598083579757741,1032.95641331666,0.0331318001578285,8.99999904632568e-06,7.02802118191626e-05,0.00160833333333333,4,42.8,0.416666666666667
8.03745217595269e-05,0.00166123890420939,0.585492231127083,1010.73644685184,0.0306792161549675,8.99999904632568e-06,7.02929630906635e-05,0.0016081655827914,4.39999999999998,42.8,0.416666666666667
8.0387379551204e-05,0.00166107130501298,0.577601996048249,999.990535343952,0.0364337199995203,8.99999904632568e-06,7.03083888236729e-05,0.0016079087877272,3.60000000000002,42.8,0.416666666666667
8.04029803619719e-05,0.00166080953698802,0.588780899263977,1019.81379511646,0.038158069255264,8.99999904632568e-06,7.03224923509954e-05,0.00160766666666667,4.60000000000002,42.8,0.416666666666667
8.04172963172953e-05,0.00166055957088496,0.589944101439028,1018.36228308557,0.0302984954215573,8.99999904632568e-06,7.03147794844848e-05,0.00160766666666667,5,42.8,0.416666666666667
8.04097783835876e-05,0.00166055206942781,0.572294020954388,988.190884593761,0.029934508133238,8.99999904632568e-06,7.03070666179741e-05,0.00160766666666667,5.19999999999999,42.8,0.416666666666667
8.04019631493441e-05,0.00166055170610713,0.577192207960813,998.056117354593,0.0338153305934775,8.99999904632568e-06,7.02975757854925e-05,0.00160769626479907,4,42.8,0.416666666666667
8.03923659009453e-05,0.0016605811570727,0.580753902822947,1003.11114514278,0.0318128683334027,8.99999904632568e-06,7.02860064857488e-05,0.00160776046356512,5.19999999999999,42.8,0.416666666666667
8.03806659205388e-05,0.00166064610210005,0.583677564065965,1009.65229342774,0.0358354461783272,8.99999904632568e-06,7.02744371860052e-05,0.00160782466233117,4,42.8,0.416666666666667
8.03689373083411e-05,0.00166071211108451,0.579388269407889,1002.75409077954,0.0368557089421951,8.99999904632568e-06,7.02678712327827e-05,0.00160877730531933,3.80000000000001,42.8,0.416666666666667
8.03622116528007e-05,0.00166166659678204,0.57581301084092,995.349227046909,0.033853783568539,8.99999904632568e-06,7.0262086582921e-05,0.00160986868434217,2.80000000000001,42.8,0.416666666666667
8.03563354232395e-05,0.00166278745345491,0.580591723350843,1002.57396555562,0.0321200242147469,8.99999904632568e-06,7.02500815563517e-05,0.00161059763214941,5,42.8,0.444444444444443
8.03442503831558e-05,0.00166355105215042,0.579850496128469,1002.12580671282,0.0347532062017183,8.99999904632568e-06,7.02211583071433e-05,0.00161034083708521,4.19999999999999,42.8,0.416666666666667
8.0315162578339e-05,0.00166331772293345,0.583966694305274,1008.82725542644,0.0348774074336417,8.99999904632568e-06,7.01922350579348e-05,0.00161008404202101,3.60000000000002,42.8,0.416666666666667
8.02858432558547e-05,0.00166305318748951,0.562931255828648,974.00602023026,0.0375208711089836,8.99999904632568e-06,7.01594203171633e-05,0.00160987043521761,4.60000000000002,42.8,0.416666666666667
8.02526292893534e-05,0.00166283086870599,0.591575957553045,1020.96548056499,0.0349288267740309,8.99999904632568e-06,7.0124712418334e-05,0.00160967783891946,4,42.8,0.416666666666667
8.02174691334838e-05,0.0016626308016643,0.572162716212188,986.647841777418,0.0322336353418417,8.99999904632568e-06,7.00934026882411e-05,0.00160953935300984,3.80000000000001,42.8,0.416666666666667
8.01856806461176e-05,0.00166248550110153,0.554381508086386,955.204098313336,0.0289032093450806,8.99999904632568e-06,7.01030437712251e-05,0.00161005294313824,3.60000000000002,42.8,0.416666666666667
8.01948888820578e-05,0.00166299403328706,0.593773012604775,1021.0106707693,0.026533796917883,8.99999904632568e-06,7.0112684854209e-05,0.00161056653326663,4.60000000000002,42.8,0.416666666666667
8.02046553487273e-05,0.00166352355099429,0.572677169166062,987.277043031859,0.0308456678603171,8.99999904632568e-06,7.01260321197652e-05,0.00161070993830248,3.60000000000002,42.8,0.416666666666667
8.02181355991021e-05,0.0016636835439894,0.594166964892374,1022.6666923893,0.0280745359733105,8.99999904632568e-06,7.01433860691832e-05,0.00161045314323829,4,42.8,0.416666666666667
8.023567310197e-05,0.0016634319440507,0.577643209147613,996.708777578504,0.0323629781402236,8.99999904632568e-06,7.01607400186011e-05,0.00161019634817409,3.80000000000001,42.8,0.416666666666667
8.02532658503024e-05,0.00166316765289155,0.590671457140736,1019.22181638449,0.0328347183718179,8.99999904632568e-06,7.01849153473649e-05,0.00161016666666667,4,42.8,0.416666666666667
8.02776807302289e-05,0.00166313008274826,0.579999755388891,1000.40951458923,0.0304224474808562,8.99999904632568e-06,7.02099821632972e-05,0.00161016666666667,3.80000000000001,42.8,0.416666666666667
8.03030799906868e-05,0.0016631293424141,0.595450737732302,1027.02745006739,0.0308979705066615,8.99999904632568e-06,7.02328252697055e-05,0.00161020368517592,4.19999999999999,42.8,0.416666666666667
8.03262689454105e-05,0.00166316677964509,0.586723887956314,1013.73696220359,0.0339454367007015,8.99999904632568e-06,7.02501792192707e-05,0.00161033208270802,4.60000000000002,42.8,0.416666666666667
8.03439386467253e-05,0.00166329674118959,0.574886102842568,991.913830265052,0.0293570026643286,8.99999904632568e-06,7.0267533168836e-05,0.00161046048024012,4.60000000000002,42.8,0.416666666666667
8.03615331952814e-05,0.00166342947554946,0.588651406361031,1016.53307271008,0.0322854810024754,8.99999904632568e-06,7.02715398527162e-05,0.0016105,4.39999999999998,42.8,0.416666666666667
8.0365779454837e-05,0.00166347341680363,0.573271924194593,989.823817263132,0.0308186131971543,8.99999904632568e-06,7.02696116360949e-05,0.0016105,4.19999999999999,42.8,0.416666666666667
8.03639090572894e-05,0.00166347485307758,0.569359531769245,983.956231187184,0.0326540745904762,8.99999904632568e-06,7.02676834194736e-05,0.00161041979322995,3.80000000000001,42.8,0.416666666666667
8.03619553724526e-05,0.00166339465831539,0.58049536727061,1004.20071733243,0.0359101278123797,8.99999904632568e-06,7.0265755202853e-05,0.0016095852092713,4,42.8,0.416666666666667
8.03600005535374e-05,0.00166255755387968,0.576549969677686,995.145309405634,0.0304117882449421,8.99999904632568e-06,7.02638269862324e-05,0.00160875062531266,4,42.8,0.416666666666667
8.035804571918e-05,0.0016616969808247,0.581556111438455,1005.80413633875,0.035657474192371,8.99999904632568e-06,7.02580423363762e-05,0.00160881482407871,4.19999999999999,42.8,0.444444444444443
8.03522344513768e-05,0.00166173446283054,0.587144988669101,1016.2657625067,0.0382591360295063,8.99999904632568e-06,7.02484012532844e-05,0.00160977780556945,4.39999999999998,42.8,0.416666666666667
8.03425142393205e-05,0.00166269850542722,0.578642667356651,999.328650276973,0.0325427724467479,8.99999904632568e-06,7.02387601701927e-05,0.0016107407870602,4,42.8,0.444444444444443
8.03327408012347e-05,0.00166369120881404,0.581270276923894,1007.06857749553,0.0405726577851945,8.99999904632568e-06,7.02256332721515e-05,0.00161083333333333,4.19999999999999,42.8,0.416666666666667
8.03194808234488e-05,0.00166381436470879,0.575153094089309,991.774532309383,0.0293758162889243,8.99999904632568e-06,7.02121357558542e-05,0.00161083333333333,4.19999999999999,42.8,0.416666666666667
8.03058027530371e-05,0.00166381795267512,0.581560277410983,1003.56115059161,0.0321388028245899,8.99999904632568e-06,7.01897358888996e-05,0.00161075429381357,4.60000000000002,42.8,0.416666666666667
8.02832166390215e-05,0.00166373878655054,0.583072123985963,1004.8562252747,0.0302596662527165,8.99999904632568e-06,7.01473151236311e-05,0.00161049749874937,4.19999999999999,42.8,0.416666666666667
8.0240488330567e-05,0.00166347914411868,0.575975311777937,994.442770639547,0.0350858486463192,8.99999904632568e-06,7.01048943583626e-05,0.00161024070368518,4.60000000000002,42.8,0.416666666666667
8.01974857564886e-05,0.00166321355561276,0.571149823977221,983.092877207573,0.0282227222710668,8.99999904632568e-06,7.00816856422213e-05,0.00161016666666667,2.80000000000001,42.8,0.416666666666667
8.01736914970073e-05,0.00166313053602037,0.572629083463795,987.331978032719,0.0326732946452719,8.99999904632568e-06,7.00662599094856e-05,0.00161016666666667,5,42.8,0.416666666666667
8.01579417704068e-05,0.00166312754816395,0.59813582766326,1028.86735167096,0.0291907804216362,8.99999904632568e-06,7.00561830996651e-05,0.00161010730365183,4.19999999999999,42.8,0.416666666666667
8.01476505048771e-05,0.00166306781863083,0.569676259798851,985.348334368077,0.0391566245104703,8.99999904632568e-06,7.00870345651841e-05,0.00160959371352343,3.39999999999998,42.8,0.416666666666667
8.01783618396685e-05,0.0016625521975814,0.576634380809395,992.79507224278,0.0282801319643346,8.99999904632568e-06,7.0117886030703e-05,0.00160908012339503,4,42.8,0.416666666666667
8.02096314852136e-05,0.0016620231542532,0.585750452049418,1008.8873335166,0.0291935792097954,8.99999904632568e-06,7.01427274705217e-05,0.00160883333333333,3.80000000000001,42.8,0.416666666666667
8.02348987072811e-05,0.00166176050453169,0.591364898232344,1019.56198487621,0.0314672844184706,8.99999904632568e-06,7.01620096365677e-05,0.00160883333333333,3.39999999999998,42.8,0.416666666666667
8.02545249237455e-05,0.00166175280024396,0.561054026457651,966.485662741272,0.0269169479925152,8.99999904632568e-06,7.01812918026137e-05,0.00160883333333333,4.60000000000002,42.8,0.444444444444443
8.02740743296158e-05,0.00166175290265323,0.587728769703009,1014.39076376615,0.0326798036622365,8.99999904632568e-06,7.02041349090254e-05,0.00160865549441387,3.60000000000002,42.8,0.416666666666667
8.02971836299625e-05,0.00166157540686033,0.591732821203935,1022.59985668732,0.0354581586492268,8.99999904632568e-06,7.02272735083788e-05,0.00160846289811572,4,42.8,0.416666666666667
8.03206368964538e-05,0.00166137770901638,0.58174918005524,1005.57223141458,0.0346261680949891,8.99999904632568e-06,7.02472568442001e-05,0.00160839636484909,2.80000000000001,42.8,0.416666666666667
8.03409395830185e-05,0.00166130545380427,0.576990162969665,996.627458908189,0.0322130351875482,8.99999904632568e-06,7.0260754360539e-05,0.00160858896114724,3.80000000000001,42.8,0.416666666666667
8.03547135503179e-05,0.00166149616282119,0.596103528984433,1028.35956255715,0.0303322578707188,8.99999904632568e-06,7.0274251876878e-05,0.00160878155744539,4.39999999999998,42.8,0.416666666666667
8.0368398619495e-05,0.0016616949117276,0.580213531240722,999.629357230785,0.0261339109687424,8.99999904632568e-06,7.02722410223997e-05,0.00160883333333333,5,42.8,0.416666666666667
8.03665741073762e-05,0.00166175308796124,0.572654395694126,988.496720247202,0.0302928579610859,8.99999904632568e-06,7.02645281559159e-05,0.00160883333333333,4,42.8,0.416666666666667
8.03588363974744e-05,0.00166175486003558,0.580881303507302,1004.15572242957,0.0344447740757297,8.99999904632568e-06,7.02591591995066e-05,0.00160892871435718,4.39999999999998,42.8,0.416666666666667
8.03533620807559e-05,0.00166185016145035,0.578294282291767,999.413040313484,0.0333547176697157,8.99999904632568e-06,7.02688002826133e-05,0.00160963490078373,5.19999999999999,42.8,0.416666666666667
8.0362928622983e-05,0.00166255920757995,0.565874912209972,979.206303964454,0.0350760698092181,8.99999904632568e-06,7.02784413657199e-05,0.00161034108721027,3.60000000000002,42.8,0.416666666666667
8.03726999686428e-05,0.00166328754491384,0.593659953635928,1026.75910035286,0.0362499314744607,8.99999904632568e-06,7.02776901124908e-05,0.00161028605969651,3.19999999999999,42.8,0.416666666666667
8.03720817666669e-05,0.00166325527000828,0.580116321843595,1001.50064697152,0.0310305157139744,8.99999904632568e-06,7.02680490293842e-05,0.00160957987326997,4,42.8,0.416666666666667
8.03624322658304e-05,0.00166254807212193,0.590151209314512,1019.14032143097,0.0327895060020252,8.99999904632568e-06,7.02584079462775e-05,0.00160887368684342,4,42.8,0.416666666666667
8.03526597905671e-05,0.00166181979065174,0.592361885335273,1023.51642122709,0.0346384541018344,8.99999904632568e-06,7.02451307975715e-05,0.00160919651492413,3.80000000000001,42.8,0.416666666666667
8.03392495752266e-05,0.0016621198678367,0.559799871322308,966.878275971396,0.0315362763569412,8.99999904632568e-06,7.02316332812534e-05,0.00160958170752043,4.39999999999998,42.8,0.416666666666667
8.03255694590886e-05,0.00166251413137518,0.580328101207063,1003.15934762085,0.0352888139695178,8.99999904632568e-06,7.02208102264285e-05,0.00160969976654994,3.60000000000002,42.8,0.416666666666667
8.03145601293473e-05,0.00166264417697791,0.575920034907909,994.732895635601,0.0331850596532525,8.99999904632568e-06,7.02150255765891e-05,0.00160931457395364,4,42.8,0.444444444444443
8.03086255712791e-05,0.00166226282510622,0.577964588642598,994.918215440512,0.0256372196261867,8.99999904632568e-06,7.02092409267496e-05,0.00160892938135735,3,42.8,0.416666666666667
8.03027601136967e-05,0.00166186570518718,0.583850218333136,1008.45287761281,0.0345077395068261,8.99999904632568e-06,7.01904295460232e-05,0.00160883333333333,4.19999999999999,42.8,0.416666666666667
8.02838688661322e-05,0.0016617572421409,0.571131715386951,990.093842730847,0.0424404452396332,8.99999904632568e-06,7.01672909467323e-05,0.00160883333333333,4.19999999999999,42.8,0.416666666666667
8.02604730347003e-05,0.00166175355064967,0.582304836748436,1003.40119933441,0.0297883756330144,8.99999904632568e-06,7.01513042781313e-05,0.00160879364682341,3.39999999999998,42.8,0.416666666666667
8.02441677974189e-05,0.00166171334284397,0.589444998151846,1016.32954388386,0.0311770876475077,8.99999904632568e-06,7.01744428774223e-05,0.00160853685175921,3.80000000000001,42.8,0.416666666666667
8.02670843769051e-05,0.00166145501756675,0.593037102865969,1023.86926860466,0.0340291056065451,8.99999904632568e-06,7.01975814767132e-05,0.00160828005669501,3.39999999999998,42.8,0.416666666666667
8.02905350191558e-05,0.00166119061142161,0.565930822105191,977.973209795861,0.0333735075783144,8.99999904632568e-06,7.02228736686543e-05,0.00160816666666667,4.39999999999998,42.8,0.416666666666667
8.03161465261074e-05,0.00166106943105707,0.577185041565687,997.589636622368,0.0339678399099627,8.99999904632568e-06,7.02498687012957e-05,0.00160816666666667,4.19999999999999,42.8,0.416666666666667
8.03434902971127e-05,0.00166106611912861,0.590936172698124,1018.52934718215,0.027709022908802,8.99999904632568e-06,7.02768637339371e-05,0.00160816666666667,3.80000000000001,42.8,0.416666666666667
8.03708576554427e-05,0.00166106649192973,0.590169453571606,1018.27849653808,0.0288978621808967,8.99999904632568e-06,7.03261259126139e-05,0.00160841379022845,4,42.8,0.416666666666667
8.04204924809841e-05,0.00166131410295083,0.579419402890228,1001.62091813272,0.0313113551342448,8.99999904632568e-06,7.03762595450491e-05,0.00160867058529265,4,42.8,0.416666666666667
8.04713019646248e-05,0.00166157943851287,0.58488682257429,1012.20556903451,0.0333434305443691,8.99999904632568e-06,7.04165066849962e-05,0.00160883333333333,3.80000000000001,42.8,0.416666666666667
8.05122409504765e-05,0.00166175129704171,0.588918174131009,1019.2109805219,0.033133151679664,8.99999904632568e-06,7.04396452847514e-05,0.00160883333333333,3.39999999999998,42.8,0.416666666666667
8.05359369947806e-05,0.00166175733755704,0.583200100551126,1008.60557848948,0.0304169798187532,8.99999904632568e-06,7.04627838845065e-05,0.00160883333333333,4,42.8,0.416666666666667
8.05593982510564e-05,0.00166175793690672,0.593170974045008,1026.84590695064,0.0331022998644608,8.99999904632568e-06,7.0478497598123e-05,0.0016093771885943,3.80000000000001,42.8,0.416666666666667
8.05754314242088e-05,0.00166230221872679,0.577361192578948,1000.27650205258,0.0333859532839379,8.99999904632568e-06,7.04919951146963e-05,0.00161008337502084,3.60000000000002,42.8,0.416666666666667
8.05891472560333e-05,0.0016630255598598,0.600978715637469,1040.94596098364,0.0345098732838547,8.99999904632568e-06,7.05018014736753e-05,0.00161054377188594,4.39999999999998,42.8,0.416666666666667
8.05991403762505e-05,0.00166350862301384,0.556948646121435,964.303527502286,0.0303932994696103,8.99999904632568e-06,7.04940886070575e-05,0.0016098375854594,3.80000000000001,42.8,0.416666666666667
8.05915635806729e-05,0.00166281758812673,0.573709734051851,993.24544714359,0.0316002472613112,8.99999904632568e-06,7.04863757404397e-05,0.00160913139903285,4.80000000000001,42.8,0.416666666666667
8.05837475448313e-05,0.00166208984384645,0.593993180835022,1027.60255432857,0.0316475500420117,8.99999904632568e-06,7.04764341558836e-05,0.00160872202768051,3.80000000000001,42.8,0.416666666666667
8.05736995334431e-05,0.00166165777227556,0.600749157068337,1040.29510408403,0.0348824155679291,8.99999904632568e-06,7.04648648559792e-05,0.00160852943138236,3.39999999999998,42.8,0.416666666666667
8.05619934150743e-05,0.00166145160451893,0.56207922069576,974.243669376287,0.034193219204204,8.99999904632568e-06,7.04532955560748e-05,0.00160833683508421,3.39999999999998,42.8,0.416666666666667
8.05502647191385e-05,0.00166125241226026,0.589793785766511,1019.50524050099,0.0303188363437278,8.99999904632568e-06,7.04398330980375e-05,0.00160896364849091,4.19999999999999,42.8,0.416666666666667
8.0536642557643e-05,0.00166187284559481,0.572225433437864,990.054124481351,0.0315515284536508,8.99999904632568e-06,7.04263355815163e-05,0.00160960563615141,4.19999999999999,42.8,0.416666666666667
8.0522959555343e-05,0.00166253383341465,0.566968256867416,982.413604550337,0.0352835069764348,8.99999904632568e-06,7.03964757696069e-05,0.00161009904952476,3.39999999999998,42.8,0.416666666666667
8.04929134292178e-05,0.00166304750331413,0.577263062829663,997.78715506248,0.0318120370516324,8.99999904632568e-06,7.03405574872646e-05,0.00161035584458896,3.80000000000001,42.8,0.416666666666667
8.04365860246444e-05,0.00166331970264868,0.580595403453646,1001.65794177673,0.0290659292711155,8.99999904632568e-06,7.02846392049222e-05,0.00161061263965316,2.80000000000001,42.8,0.416666666666667
8.03799007617824e-05,0.00166358395797802,0.565669163262434,978.56385211419,0.0343451764012891,8.99999904632568e-06,7.02804872786835e-05,0.00160980490245123,5,42.8,0.416666666666667
8.03749769822568e-05,0.00166278342850797,0.585254573077981,1012.18328295755,0.0351026905235354,8.99999904632568e-06,7.02901283618013e-05,0.00160871352342838,4,42.8,0.416666666666667
8.03845510208692e-05,0.00166166714279706,0.568121623570951,982.319875997856,0.0328558354446069,8.99999904632568e-06,7.03027544244364e-05,0.00160783333333333,4.19999999999999,42.8,0.416666666666667
8.03973074481317e-05,0.00166075250784259,0.595549933225216,1027.98858938914,0.0302510531870284,8.99999904632568e-06,7.03278212406298e-05,0.00160783333333333,3,42.8,0.416666666666667
8.0422547961858e-05,0.00166072437066839,0.583864728563552,1008.68095320457,0.0307824590191328,8.99999904632568e-06,7.03528880568232e-05,0.00160783333333333,4.19999999999999,42.8,0.416666666666667
8.04479584647965e-05,0.00166072393716833,0.565048428907398,977.397743715875,0.0316157522552242,8.99999904632568e-06,7.03802587163565e-05,0.00160848532599633,4.80000000000001,42.8,0.416666666666667
8.04756751257281e-05,0.00166137635826221,0.581556115526207,1004.83223120063,0.0294922195160524,8.99999904632568e-06,7.04091819659667e-05,0.00160957670501918,3.39999999999998,42.8,0.416666666666667
8.05049757784721e-05,0.00166248844810573,0.596395864862497,1033.22937797666,0.0363366990682139,8.99999904632568e-06,7.04380701570926e-05,0.00161066666666667,3.80000000000001,42.8,0.416666666666667
8.05342629411116e-05,0.00166361340052163,0.564424422319098,978.574231948036,0.035318752269932,8.99999904632568e-06,7.04399983737392e-05,0.00161066666666667,3.39999999999998,42.8,0.416666666666667
8.05365899455844e-05,0.00166364878986995,0.581131199966145,1002.80507744277,0.0255794871019243,8.99999904632568e-06,7.04419265903859e-05,0.00161066666666667,4.60000000000002,42.8,0.416666666666667
8.0538549847822e-05,0.00166364992761053,0.592250494204391,1023.96565483858,0.0311484657484275,8.99999904632568e-06,7.0434479166627e-05,0.00161040653660163,4.60000000000002,42.8,0.416666666666667
8.05311291110168e-05,0.00166338986690348,0.586159924950752,1014.52652008234,0.0338065879840289,8.99999904632568e-06,7.04132687835549e-05,0.00160976454894114,4.19999999999999,42.8,0.416666666666667
8.05098176836908e-05,0.00166273968680769,0.572873424748432,991.655851299026,0.0335810059193508,8.99999904632568e-06,7.03920584004829e-05,0.00160912256128064,3.80000000000001,42.8,0.416666666666667
8.04883171141682e-05,0.00166207716919327,0.578889015880129,1000.6454905797,0.0309939881030442,8.99999904632568e-06,7.03817687353247e-05,0.00160894805736201,3.19999999999999,42.8,0.416666666666667
8.047773468711e-05,0.00166188174949687,0.58595343193727,1013.71780269308,0.0337477157388453,8.99999904632568e-06,7.03740558687754e-05,0.00160888385859596,3.60000000000002,42.8,0.416666666666667
8.04698777252403e-05,0.00166181130756289,0.5826039605055,1008.0505868419,0.0342069706098692,8.99999904632568e-06,7.03573079300444e-05,0.00160881965982992,3,42.8,0.416666666666667
8.04530228024091e-05,0.00166174478806004,0.575261141112649,997.877983813972,0.0407706537360872,8.99999904632568e-06,7.03071742977639e-05,0.00160875546106387,4.39999999999998,42.8,0.416666666666667
8.04026596655461e-05,0.00166167823370675,0.57463678282467,990.443598734711,0.0271681130276094,8.99999904632568e-06,7.02570406654835e-05,0.00160869126229782,3.19999999999999,42.8,0.416666666666667
8.03518402650296e-05,0.00166161109558714,0.576596983089511,997.003328568562,0.0357745618204575,8.99999904632568e-06,7.02164229076438e-05,0.00160870626980157,3.80000000000001,42.8,0.416666666666667
8.03105305262525e-05,0.00166162313770305,0.572221616581735,987.656848701809,0.0321315342527703,8.99999904632568e-06,7.01817150086673e-05,0.00160877046856762,4.60000000000002,42.8,0.416666666666667
8.02752601343802e-05,0.00166168699149557,0.579661050326963,1001.06574781993,0.0349053528337,8.99999904632568e-06,7.01476481791094e-05,0.00160883733533433,4.19999999999999,42.8,0.416666666666667
8.02407130465237e-05,0.00166175522477215,0.572386626446957,987.099970895564,0.0311338092568373,8.99999904632568e-06,7.01437917459047e-05,0.00160902993163248,4.19999999999999,42.8,0.416666666666667
8.02363862038692e-05,0.0016619493359474,0.576581272891404,991.3551890912,0.0245392732938658,8.99999904632568e-06,7.01399353126999e-05,0.00160922252793063,4.80000000000001,42.8,0.416666666666667
8.02324708543332e-05,0.00166214787557935,0.583328265215585,1006.33789796383,0.0328278461553939,8.99999904632568e-06,7.01434486736056e-05,0.0016094423878606,4.60000000000002,42.8,0.416666666666667
8.02359309019921e-05,0.0016623738233066,0.561952270301214,971.353554011708,0.0352818862623443,8.99999904632568e-06,7.01569461898352e-05,0.0016096991829248,2.80000000000001,42.8,0.416666666666667
8.02494755318632e-05,0.00166263768423165,0.588977172100552,1017.22796363118,0.0352722459920908,8.99999904632568e-06,7.01704437060648e-05,0.00160995597798899,3.80000000000001,42.8,0.416666666666667
8.02631574781644e-05,0.00166290289605045,0.580404200681552,1001.21022393253,0.0309937412138109,8.99999904632568e-06,7.0198320209085e-05,0.00161,4.19999999999999,42.8,0.416666666666667
8.02912202810215e-05,0.00166295537908946,0.588205174075396,1014.8767094364,0.0312683145413847,8.99999904632568e-06,7.02291716748895e-05,0.00161,3.19999999999999,42.8,0.416666666666667
8.03224538631915e-05,0.00166295749436238,0.590992633781031,1022.35201616232,0.0371522579450802,8.99999904632568e-06,7.02528511765654e-05,0.00160991045522761,3.39999999999998,42.8,0.416666666666667
8.03465586560603e-05,0.00166286855830715,0.564346497432516,974.408371289556,0.0305909440675527,8.99999904632568e-06,7.02528511765654e-05,0.00160952526263132,4.80000000000001,42.8,0.416666666666667
8.03468868782942e-05,0.00166248102734264,0.560328324152259,969.752779098064,0.035592724807785,8.99999904632568e-06,7.02528511765654e-05,0.00160914007003502,4.39999999999998,42.8,0.416666666666667
8.03468913475231e-05,0.00166208382474142,0.597484991407603,1030.89180170132,0.0312656770456511,8.99999904632568e-06,7.02565323173852e-05,0.00160940853760213,4.80000000000001,42.8,0.416666666666667
8.03505725491979e-05,0.00166233997679681,0.571969879348001,988.255282061739,0.0324938155972074,8.99999904632568e-06,7.02623169672447e-05,0.00161005052526263,5,42.8,0.416666666666667
8.03564073240365e-05,0.00166298997067362,0.59328205385916,1026.0830938782,0.0364168753451841,8.99999904632568e-06,7.02681016171045e-05,0.00161066666666667,3.39999999999998,42.8,0.416666666666667
8.03622714229437e-05,0.00166362636712893,0.593712652231316,1024.16266660039,0.0299918181308911,8.99999904632568e-06,7.02738862669707e-05,0.00161066666666667,3.60000000000002,42.8,0.416666666666667
8.03681359211477e-05,0.00166364620109102,0.567709017755775,981.709964952248,0.0336392810192608,8.99999904632568e-06,7.0279670916837e-05,0.00161066666666667,3,42.8,0.416666666666667
8.03740004247888e-05,0.00166364691803889,0.562882684688591,972.914884951973,0.0322533462555821,8.99999904632568e-06,7.02786041372529e-05,0.00161018192429548,4.19999999999999,42.8,0.416666666666667
8.03730134990535e-05,0.00166316229987711,0.597193559051262,1031.75600046971,0.0341587339911879,8.99999904632568e-06,7.02689630541462e-05,0.00160909054527264,3.60000000000002,42.8,0.416666666666667
8.03633589775003e-05,0.00166205587771234,0.560460796131279,969.800731402256,0.0350265039741738,8.99999904632568e-06,7.02593219710396e-05,0.00160799916624979,3.80000000000001,42.8,0.416666666666667
8.03535864338726e-05,0.00166093002528535,0.57894405487346,1000.31369542775,0.0337509353096103,8.99999904632568e-06,7.02349638372589e-05,0.00160777888944472,3,42.8,0.416666666666667
8.03290952325265e-05,0.00166067467057274,0.550429092218877,952.159403116043,0.0348225727928343,8.99999904632568e-06,7.02079688046591e-05,0.00160771469067867,4.80000000000001,42.8,0.416666666666667
8.03017667161727e-05,0.00166060212844046,0.593515164168016,1024.57912128986,0.0343517199502776,8.99999904632568e-06,7.01766014783618e-05,0.00160753726863432,3.60000000000002,42.8,0.416666666666667
8.02700272719013e-05,0.00166042198194345,0.57774649629249,995.781404210366,0.0305054883802627,8.99999904632568e-06,7.013225249655e-05,0.00160702367850592,4,42.8,0.416666666666667
8.02252461108396e-05,0.0016599022542985,0.57264794467903,988.193807252859,0.0340651881714554,8.99999904632568e-06,7.00879035147383e-05,0.00160651008837752,3.39999999999998,42.8,0.416666666666667
8.01802873676082e-05,0.00165937177087723,0.563954116566394,972.60145250747,0.0324243416198708,8.99999904632568e-06,7.00713759438826e-05,0.00160633333333333,4,42.8,0.416666666666667
8.01631476172902e-05,0.00165917778596055,0.559430754643328,968.317808870613,0.0402668690035366,8.99999904632568e-06,7.00694477272911e-05,0.00160633333333333,3.60000000000002,42.8,0.416666666666667
8.01609860177707e-05,0.0016591714732516,0.605041893407044,1042.93244922577,0.0346419964457418,8.99999904632568e-06,7.00672891263797e-05,0.00160635250958813,4.60000000000002,42.8,0.416666666666667
8.01587979835003e-05,0.00165919041618693,0.591290840999907,1017.82774122747,0.030306406881721,8.99999904632568e-06,7.00615044766094e-05,0.00160667350341838,4.19999999999999,42.8,0.416666666666667
8.01529835404229e-05,0.00165951195930981,0.581419841779261,1000.40565866128,0.0287258223194175,8.99999904632568e-06,7.00557198268391e-05,0.00160699449724862,3.39999999999998,42.8,0.416666666666667
8.0147119718452e-05,0.00165984282173656,0.582794706919518,1008.77358733373,0.0426453222860238,8.99999904632568e-06,7.00660270210063e-05,0.00160713690178423,3.80000000000001,42.8,0.416666666666667
8.01573470680523e-05,0.00165999538296259,0.59780574409001,1031.66196506711,0.0361364456536987,8.99999904632568e-06,7.00949502699247e-05,0.00160707270301818,3.80000000000001,42.8,0.416666666666667
8.01864095773888e-05,0.0016599360923282,0.588870115781924,1015.79505234691,0.0335394103504619,8.99999904632568e-06,7.01238735188431e-05,0.00160700850425213,3.80000000000001,42.8,0.416666666666667
8.0215728555148e-05,0.00165987056058573,0.589729064388573,1016.76526904898,0.0316838967852402,8.99999904632568e-06,7.01511239773923e-05,0.00160716708354177,4.19999999999999,42.8,0.416666666666667
8.02433782347329e-05,0.00166002761784814,0.577094785446925,995.082758175018,0.0302845785565014,8.99999904632568e-06,7.01781190098672e-05,0.00160735967983992,3.19999999999999,42.8,0.416666666666667
8.02707497582919e-05,0.00166022556464405,0.589103774565411,1017.55958830638,0.0350111171949926,8.99999904632568e-06,7.01909829692186e-05,0.00160718634317159,4.39999999999998,42.8,0.416666666666667
8.02839864212238e-05,0.00166005884144974,0.579744417243227,1001.09947003834,0.0341858477869341,8.99999904632568e-06,7.01659161533443e-05,0.00160603076538269,4.39999999999998,42.8,0.416666666666667
8.02590998419979e-05,0.00165889832444955,0.608952129663655,1047.66497631348,0.0281212072290679,8.99999904632568e-06,7.014084933747e-05,0.0016048751875938,3.39999999999998,42.8,0.416666666666667
8.02336941587178e-05,0.00165770633112674,0.592825842892684,1021.39978556881,0.0310168196993086,8.99999904632568e-06,7.0122293382904e-05,0.00160497690511923,4.39999999999998,42.8,0.416666666666667
8.02147922683801e-05,0.00165777064814241,0.565261687343571,977.428685211948,0.0376113663065034,8.99999904632568e-06,7.01068676501207e-05,0.00160568309154577,4.39999999999998,42.8,0.416666666666667
8.01991091585389e-05,0.00165847850007888,0.569356492044326,981.921625388515,0.0323015470470846,8.99999904632568e-06,7.00928167107297e-05,0.00160638927797232,4,42.8,0.416666666666667
8.0184844670524e-05,0.00165920636131103,0.564127789313993,974.234837313382,0.0349565661340704,8.99999904632568e-06,7.0094744927325e-05,0.00160709546439887,5.60000000000002,42.8,0.416666666666667
8.01865786551196e-05,0.00165993486761655,0.581187750085004,999.874984942442,0.0273428649408092,8.99999904632568e-06,7.00966731439204e-05,0.00160780165082541,3.60000000000002,42.8,0.416666666666667
8.01885304824674e-05,0.00166066367212599,0.573425209501186,989.076314764712,0.0333975423957028,8.99999904632568e-06,7.00743809568444e-05,0.00160832174420544,4.60000000000002,42.8,0.416666666666667
8.01662648723936e-05,0.0016612063966231,0.588518557650698,1015.2757844803,0.036276434642152,8.99999904632568e-06,7.00261755421848e-05,0.00160864273803568,3.80000000000001,42.8,0.416666666666667
8.01177562786808e-05,0.00166154383088315,0.584534010565354,1005.59714504989,0.0305699322490543,8.99999904632568e-06,6.99779701275251e-05,0.00160896373186593,4,42.8,0.416666666666667
8.00688903481197e-05,0.00166187444360439,0.588115279420774,1012.87877687942,0.0342584278406943,8.99999904632568e-06,6.99485785977383e-05,0.0016083736034684,3.80000000000001,42.8,0.416666666666667
8.00388334367642e-05,0.00166129371637664,0.565022174517212,974.358830761258,0.0360214980769335,8.99999904632568e-06,6.99215835657318e-05,0.00160766741704185,5.39999999999998,42.8,0.416666666666667
8.00114291356698e-05,0.00166056900136058,0.596482347452248,1024.10565561228,0.0285226853655411,8.99999904632568e-06,6.99058072483202e-05,0.00160716666666667,3.39999999999998,42.8,0.416666666666667
7.99952796683634e-05,0.00166004530406463,0.579655259841044,998.587065196646,0.0350245429498637,8.99999904632568e-06,6.99173765477337e-05,0.00160716666666667,4.19999999999999,42.8,0.416666666666667
8.00066290690097e-05,0.00166002878557578,0.566357117384583,974.915094971851,0.0318841767582935,8.99999904632568e-06,6.99289458471473e-05,0.00160716666666667,3.80000000000001,42.8,0.416666666666667
8.00183529072179e-05,0.00166002847076521,0.599514380333408,1030.32705841768,0.0299803845491949,8.99999904632568e-06,6.99498932908461e-05,0.00160756811739203,4.19999999999999,42.8,0.416666666666667
8.00394599882298e-05,0.00166043011559943,0.589472764527032,1015.02857265956,0.033232454818201,8.99999904632568e-06,6.99749601063339e-05,0.00160814590628648,4.39999999999998,42.8,0.416666666666667
8.00648142076923e-05,0.0016610207248566,0.581248117055915,1001.55629971251,0.0335169917113207,8.99999904632568e-06,7.00015494616896e-05,0.001608692012673,3.60000000000002,42.8,0.416666666666667
8.00917487980641e-05,0.00166158558445628,0.57689222911597,997.280969459021,0.0396904274014726,8.99999904632568e-06,7.00420420100506e-05,0.0016089488077372,3.80000000000001,42.8,0.416666666666667
8.0132608100517e-05,0.00166186036182618,0.583915519510118,1005.37311989012,0.0297921928606562,8.99999904632568e-06,7.00825345584115e-05,0.0016092056028014,3.60000000000002,42.8,0.416666666666667
8.01736570084202e-05,0.00166212638710237,0.564835200599227,974.780286902397,0.033103075268242,8.99999904632568e-06,7.01084903570665e-05,0.00160913973653493,5.39999999999998,42.8,0.416666666666667
8.02001717483747e-05,0.00166206948297924,0.57581705236766,995.61884836039,0.038068874230754,8.99999904632568e-06,7.01200596566584e-05,0.00160875454393864,3,42.8,0.416666666666667
8.02121020851772e-05,0.00166168298709821,0.595847503559418,1028.04609401858,0.034422181852955,8.99999904632568e-06,7.01316289562503e-05,0.00160836935134234,4.80000000000001,42.8,0.416666666666667
8.02238338338646e-05,0.00166128601834371,0.592005536132047,1018.0071517488,0.025972985064138,8.99999904632568e-06,7.01327107608875e-05,0.00160850792062698,2.60000000000002,42.8,0.416666666666667
8.02250753835277e-05,0.00166141248329689,0.570437391035574,985.577371878157,0.0355559749126931,8.99999904632568e-06,7.01327107608875e-05,0.00160870051692513,4,42.8,0.416666666666667
8.02250922890537e-05,0.00166160902233342,0.566754586280897,979.439226426753,0.0357903848884855,8.99999904632568e-06,7.01321122624881e-05,0.00160885325996332,4.19999999999999,42.8,0.416666666666667
8.0224494020848e-05,0.00166176785951813,0.596546297470561,1030.14058214186,0.0366292045258223,8.99999904632568e-06,7.01301840458876e-05,0.00160891745872936,3.39999999999998,42.8,0.416666666666667
8.02225576579453e-05,0.00166183697275669,0.588017573948087,1011.19534372172,0.0259474292660319,8.99999904632568e-06,7.0128255829287e-05,0.00160898165749541,4,42.8,0.416666666666667
8.02206030749138e-05,0.00166190328076279,0.566732020348269,978.112616473217,0.0329754162591485,8.99999904632568e-06,7.01249503151163e-05,0.00160881657495414,4.19999999999999,42.8,0.416666666666667
8.02172709462182e-05,0.00166174022016623,0.570252649701562,984.532689639547,0.0341433937854682,8.99999904632568e-06,7.01210938819175e-05,0.00160855977988995,5.80000000000001,42.8,0.416666666666667
8.02133691411828e-05,0.00166147831133219,0.583021868531025,1005.92672192425,0.0337986980117443,8.99999904632568e-06,7.01156422877182e-05,0.00160833333333333,4,42.8,0.416666666666667
8.02078644181649e-05,0.00166124367622952,0.582740875641044,1003.93490210714,0.0306781499286129,8.99999904632568e-06,7.00982883383604e-05,0.00160833333333333,4.19999999999999,42.8,0.416666666666667
8.0190435513901e-05,0.00166123630545397,0.569852541570625,982.091781529751,0.0310371774792291,8.99999904632568e-06,7.00809343890026e-05,0.00160833333333333,5,42.8,0.416666666666667
8.01728442443587e-05,0.00166123577383993,0.579535209403305,998.372891264439,0.0313205155156504,8.99999904632568e-06,7.00605604017536e-05,0.00160833333333333,4,42.8,0.416666666666667
8.01522307260829e-05,0.00166123545145623,0.563346453220678,971.661241362431,0.0334681894303071,8.99999904632568e-06,7.00374218027036e-05,0.00160833333333333,4.19999999999999,42.8,0.416666666666667
8.01288114436412e-05,0.00166123508300496,0.57835142212384,995.753175111658,0.0310541229428063,8.99999904632568e-06,7.00142832036536e-05,0.00160833333333333,3.80000000000001,42.8,0.416666666666667
8.01053539565908e-05,0.00166123466433495,0.5726935130454,987.146096224907,0.0341063534848184,8.99999904632568e-06,6.99822172123908e-05,0.00160803610138403,3.80000000000001,42.8,0.416666666666667
8.00729685571155e-05,0.0016609370114942,0.595984346165889,1025.48641922136,0.0326544263428136,8.99999904632568e-06,6.99494375305865e-05,0.00160771510755378,3.80000000000001,42.8,0.416666666666667
8.00397479004304e-05,0.00166060622553498,0.576765217678537,992.401118314262,0.0315170164010488,8.99999904632568e-06,6.99344675582464e-05,0.00160760588627647,3.60000000000002,42.8,0.444444444444443
8.00243255799532e-05,0.00166048617028487,0.580706626657119,998.258515829143,0.0290870810015306,8.99999904632568e-06,6.99556779405658e-05,0.00160792688010672,4.19999999999999,42.8,0.416666666666667
8.00453259646798e-05,0.00166080317352053,0.588108611412421,1012.57995030465,0.0328361482157926,8.99999904632568e-06,6.99768883228853e-05,0.00160824787393697,3.80000000000001,42.8,0.416666666666667
8.0066822298147e-05,0.00166113436147657,0.563953719292015,971.641521119837,0.0319714221557594,8.99999904632568e-06,6.99995135654937e-05,0.001608192012673,5.60000000000002,42.8,0.416666666666667
8.00897402449753e-05,0.0016610891427714,0.574994700267156,990.501797765576,0.0318338844117253,8.99999904632568e-06,7.00226521644902e-05,0.00160799941637485,3.80000000000001,42.8,0.416666666666667
8.011319090555e-05,0.00166089554295854,0.585914039380881,1009.16668213573,0.0317620506328442,8.99999904632568e-06,7.00444635494818e-05,0.00160783333333333,3.19999999999999,42.8,0.416666666666667
8.01353216058016e-05,0.00166072386498901,0.593836241167553,1023.19519651191,0.0329334245208225,8.99999904632568e-06,7.00579610656125e-05,0.00160783333333333,5,42.8,0.444444444444443
8.01491204639896e-05,0.00166071892681234,0.581130957046931,1001.75353036878,0.032644561175797,8.99999904632568e-06,7.00714585817433e-05,0.00160783333333333,3.39999999999998,42.8,0.444444444444443
8.01628058718846e-05,0.0016607190136532,0.582174950968226,1001.74628599908,0.0282811027771051,8.99999904632568e-06,7.00786906460465e-05,0.00160776379856595,5,42.8,0.416666666666667
8.01702242831594e-05,0.00166064971955861,0.593330999635835,1022.1819796263,0.0319523487546959,8.99999904632568e-06,7.00806188626395e-05,0.00160763540103385,4.60000000000002,42.8,0.416666666666667
8.01722535123409e-05,0.00166051930250808,0.573245179935202,990.662501893354,0.0375999791637058,8.99999904632568e-06,7.00825470792326e-05,0.00160750700350175,4.39999999999998,42.8,0.444444444444443
8.0174209359876e-05,0.0016603868965763,0.581622771365287,1003.3022947179,0.0340415603031742,8.99999904632568e-06,7.00826522546832e-05,0.0016075,3.19999999999999,42.8,0.416666666666667
8.01743411670695e-05,0.00166037582173193,0.578060001610802,998.701468687781,0.0373682522922744,8.99999904632568e-06,7.00826522546832e-05,0.0016075,3.39999999999998,42.8,0.416666666666667
8.01743429618184e-05,0.00166037548063942,0.584955954887582,1008.30007945617,0.0323510104785308,8.99999904632568e-06,7.0090062115608e-05,0.00160738786059697,3.60000000000002,42.8,0.416666666666667
8.01817528471814e-05,0.00166026333069175,0.562133737567053,968.660200762144,0.0294423552367075,8.99999904632568e-06,7.01112724981809e-05,0.00160706686676672,3.80000000000001,42.8,0.444444444444443
8.02030641262499e-05,0.00165993898841425,0.589509163859163,1016.2933496909,0.0319373577436363,8.99999904632568e-06,7.01324828807538e-05,0.00160674587293647,5.19999999999999,42.8,0.416666666666667
8.02245646932546e-05,0.0016596083086772,0.567494793612927,978.138956444687,0.0301801610545502,8.99999904632568e-06,7.01188351139343e-05,0.00160734367183592,3.60000000000002,42.8,0.444444444444443
8.02112096883009e-05,0.00166019622846335,0.569756310099007,983.422589482335,0.0341988256074354,8.99999904632568e-06,7.0093768298176e-05,0.00160824245456061,4,42.8,0.416666666666667
8.01859610244933e-05,0.00166111300788407,0.588452534323338,1013.66025651346,0.031640831659681,8.99999904632568e-06,7.00674894605866e-05,0.00160897982324496,3.60000000000002,42.8,0.416666666666667
8.01593383891836e-05,0.00166187836300178,0.588060621345221,1014.15215597871,0.0352259997777502,8.99999904632568e-06,7.00347097786307e-05,0.00160885142571286,4,42.8,0.416666666666667
8.0126196200863e-05,0.00166177323297701,0.572059915292116,987.571834305657,0.037098748356047,8.99999904632568e-06,7.00019300966748e-05,0.00160872302818076,4.80000000000001,42.8,0.416666666666667
8.00929652392322e-05,0.00166164099948225,0.561478753407651,966.21340963938,0.0297238935517005,8.99999904632568e-06,6.99734776333196e-05,0.00160823445055861,3.39999999999998,42.8,0.416666666666667
8.0064060287423e-05,0.00166114774398862,0.579548210373348,998.90542875364,0.0353985888791359,8.99999904632568e-06,6.99484108178512e-05,0.00160746406536602,3,42.8,0.416666666666667
8.00385998884915e-05,0.00166036156237053,0.587427539447152,1011.45340105059,0.0342928562232678,8.99999904632568e-06,6.99233440023828e-05,0.00160669368017342,3,42.8,0.416666666666667
8.00131863922173e-05,0.0016595663582384,0.592906821311077,1020.3595906551,0.0340674477253536,8.99999904632568e-06,6.990199839458e-05,0.00160666666666667,3.60000000000002,42.8,0.416666666666667
7.99914947422576e-05,0.00165951424685734,0.587664106263672,1009.16804295594,0.0290509483017384,8.99999904632568e-06,6.98807880123586e-05,0.00160666666666667,3.60000000000002,42.8,0.416666666666667
7.99699889962948e-05,0.00165951225389813,0.583240189604926,1005.46597820173,0.0381990754718518,8.99999904632568e-06,6.98702454256781e-05,0.00160690345172586,3.60000000000002,42.8,0.416666666666667
7.99591535772294e-05,0.00165974860319326,0.595306481513314,1026.06762804303,0.0386588240442734,8.99999904632568e-06,6.987795829193e-05,0.00160754543938636,4,42.8,0.416666666666667
7.99667189033024e-05,0.00166039773063493,0.577291686468603,994.528983558133,0.0356706385427652,8.99999904632568e-06,6.98856711581819e-05,0.00160818742704686,3.80000000000001,42.8,0.416666666666667
7.9974534782604e-05,0.00166105997657532,0.57254800581329,983.685898950427,0.0285212486750762,8.99999904632568e-06,6.99053039086964e-05,0.00160887902284476,4.60000000000002,42.8,0.416666666666667
7.99942739578191e-05,0.00166177224175978,0.594674999108147,1026.30509207673,0.0403936920300227,8.99999904632568e-06,6.99284425075235e-05,0.0016095852092713,3.60000000000002,42.8,0.416666666666667
8.00176813345702e-05,0.00166250085579845,0.605994590134141,1043.2728901456,0.034784379309223,8.99999904632568e-06,6.99512405382459e-05,0.00161016666666667,3.19999999999999,42.8,0.416666666666667
8.00407980911795e-05,0.00166310531150306,0.58070390342591,998.392512070946,0.02898135480464,8.99999904632568e-06,6.9972450920598e-05,0.00161016666666667,3.80000000000001,42.8,0.416666666666667
8.00623232421977e-05,0.00166312445512857,0.561154568157357,966.43793463601,0.0310259346667368,8.99999904632568e-06,6.99936613029502e-05,0.00161016666666667,4,42.8,0.416666666666667
8.0083826721163e-05,0.00166312542300042,0.590307248183922,1017.41532007121,0.0345554179239715,8.99999904632568e-06,7.00126329507694e-05,0.00160983124895781,5.19999999999999,42.8,0.416666666666667
8.01030911704986e-05,0.00166279040923254,0.58146128219727,1001.83528472021,0.0325928921815729,8.99999904632568e-06,7.00299869000335e-05,0.00160925346006337,3.60000000000002,42.8,0.416666666666667
8.0120707433595e-05,0.00166220256796004,0.593039534771854,1021.69181031063,0.0328407000390412,8.99999904632568e-06,7.00473408492976e-05,0.00160867567116892,3.39999999999998,42.8,0.416666666666667
8.013830125421e-05,0.00166160685890442,0.581900130898107,1002.97537218833,0.0330753632087189,8.99999904632568e-06,7.00476113004549e-05,0.00160847707186927,3.19999999999999,42.8,0.416666666666667
8.01388112711307e-05,0.00166139009510633,0.581304686603606,1002.1690017729,0.0335452617711119,8.99999904632568e-06,7.00476113004549e-05,0.00160828447557112,4,42.8,0.416666666666667
8.01388182157618e-05,0.00166119078673932,0.586527337973118,1009.31718210982,0.0296631473397052,8.99999904632568e-06,7.0044616304302e-05,0.00160829131232283,4.39999999999998,42.8,0.416666666666667
8.01358233141702e-05,0.0016611914438939,0.576461555200856,993.287604435242,0.0321881443322481,8.99999904632568e-06,7.0036903437955e-05,0.00160861230615308,3.39999999999998,42.8,0.416666666666667
8.01280696678299e-05,0.00166151240602039,0.595203985591887,1024.17249939598,0.0305303719940191,8.99999904632568e-06,7.00291905716079e-05,0.00160893329998332,4,42.8,0.416666666666667
8.01202512241756e-05,0.00166184321671141,0.578290686369355,996.590483873027,0.0331163866063495,8.99999904632568e-06,7.00199501570691e-05,0.00160844055361014,4.39999999999998,42.8,0.444444444444443
8.01109043500187e-05,0.00166136059143496,0.561221288086106,967.593093766359,0.0330381625157231,8.99999904632568e-06,7.0010309074152e-05,0.00160773436718359,4,42.8,0.416666666666667
8.01011359956527e-05,0.00166063927828352,0.578453676815522,996.813175754421,0.0335541217836583,8.99999904632568e-06,6.9998021075758e-05,0.0016072547940637,4.19999999999999,42.8,0.416666666666667
8.00887149867363e-05,0.00166013717039793,0.572480273729657,986.096517114118,0.0326803903878111,8.99999904632568e-06,6.99748824768329e-05,0.00160770418542605,3.80000000000001,42.8,0.416666666666667
8.00654072574927e-05,0.00166057077750408,0.594051461111537,1020.81577540421,0.0292350652615509,8.99999904632568e-06,6.99517438779077e-05,0.00160815357678839,4.60000000000002,42.8,0.416666666666667
8.00419512895281e-05,0.00166103320790109,0.571538163174909,983.606742844767,0.0317473802043826,8.99999904632568e-06,6.99286052790468e-05,0.0016082948140737,3.60000000000002,42.8,0.416666666666667
8.00184933031393e-05,0.00166118837533284,0.575256835744344,988.718155551855,0.0295887347086438,8.99999904632568e-06,6.99054666802286e-05,0.00160823061530765,4,42.8,0.416666666666667
7.99950352893094e-05,0.00166112857974019,0.588210632657802,1012.0600414137,0.0336778977345132,8.99999904632568e-06,6.98824182317955e-05,0.00160816666666667,4.39999999999998,42.8,0.416666666666667
7.9971667425491e-05,0.00166106236916886,0.574547264998253,987.149863699562,0.0293059713316388,8.99999904632568e-06,6.98824182317955e-05,0.00160816666666667,3.19999999999999,42.8,0.416666666666667
7.99713492376307e-05,0.00166105990990454,0.606403270278508,1040.91034584338,0.029333912913644,8.99999904632568e-06,6.98824182317955e-05,0.00160816666666667,3.19999999999999,42.8,0.416666666666667
7.99713449050347e-05,0.00166105982811998,0.608484044168624,1044.79620682266,0.0298573239734449,8.99999904632568e-06,6.98965718422577e-05,0.00160787868934467,4,42.8,0.416666666666667
7.99854984565023e-05,0.00166077184818685,0.555848181645488,958.823994556331,0.0357016470070994,8.99999904632568e-06,6.99312797405251e-05,0.00160717250291813,3.60000000000002,42.8,0.416666666666667
8.0020399076205e-05,0.00166005697882937,0.585385396736571,1004.96512543231,0.0259777480676875,8.99999904632568e-06,6.99659876387925e-05,0.00160646631649158,3.39999999999998,42.8,0.416666666666667
8.00555821977786e-05,0.00165932923419621,0.582596901641072,1004.34440138268,0.0340913432436275,8.99999904632568e-06,7.00257373112348e-05,0.00160675020843755,3.60000000000002,42.8,0.416666666666667
8.01158109402059e-05,0.0016595911736397,0.579082568071866,999.803442206962,0.0356832293876839,8.99999904632568e-06,7.00912966752856e-05,0.00160726379856595,4.19999999999999,42.8,0.416666666666667
8.01821904072335e-05,0.00166011393275155,0.598004686717669,1030.23612189927,0.0305052859070096,8.99999904632568e-06,7.0148542170458e-05,0.00160751442387861,4.19999999999999,42.8,0.416666666666667
8.02403397565511e-05,0.00166038192093047,0.577721047458221,998.812449228166,0.0365973346975415,8.99999904632568e-06,7.0175537202964e-05,0.00160680823745206,3.60000000000002,42.8,0.416666666666667
8.02681265780361e-05,0.00165968505487405,0.586768672426419,1011.9562211964,0.0308115604998245,8.99999904632568e-06,7.02025322354701e-05,0.00160610205102551,3.60000000000002,42.8,0.416666666666667
8.02954999690151e-05,0.00165895774474361,0.572230010147997,992.065569585594,0.0412351466942608,8.99999904632568e-06,7.02259437901623e-05,0.00160555494413874,4.19999999999999,42.8,0.416666666666667
8.03192842527154e-05,0.0016583885630204,0.588576448787746,1013.8071798668,0.0267773649276027,8.99999904632568e-06,7.02471541729479e-05,0.00160510555277639,4,42.8,0.416666666666667
8.03408184935309e-05,0.00165792193730918,0.585691417536232,1013.14815278677,0.0362089036154693,8.99999904632568e-06,7.02678687286034e-05,0.00160468167417042,4.19999999999999,42.8,0.416666666666667
8.03618262695706e-05,0.00165748396506007,0.574981253930122,991.422367230955,0.0278185216356759,8.99999904632568e-06,7.02678687286034e-05,0.00160532366183092,3.80000000000001,42.8,0.416666666666667
8.0362112321362e-05,0.00165811273834643,0.579625834453058,1000.50022128205,0.0306383462893252,8.99999904632568e-06,7.02678687286034e-05,0.00160596564949141,4.19999999999999,42.8,0.416666666666667
8.03621162163782e-05,0.00165877422660791,0.568956844559832,982.882235630084,0.0317596661748615,8.99999904632568e-06,7.02670448542291e-05,0.0016062236118059,4.39999999999998,42.8,0.416666666666667
8.03612923950403e-05,0.00165905269897126,0.565461748409589,976.879408524322,0.0316333334624382,8.99999904632568e-06,7.02651166376086e-05,0.0016059668167417,3.60000000000002,42.8,0.416666666666667
8.03593529608796e-05,0.00165880452384328,0.573741450667348,993.900611669654,0.0386222416105059,8.99999904632568e-06,7.02631884209879e-05,0.00160571002167751,3.60000000000002,42.8,0.416666666666667
8.03573983360083e-05,0.00165854000018207,0.574013317336646,991.652191454129,0.032202122681562,8.99999904632568e-06,7.02676708985883e-05,0.00160566666666667,3.80000000000001,42.8,0.416666666666667
8.03618541985142e-05,0.00165848840941051,0.581987880473902,1007.71195594167,0.0380134369380957,8.99999904632568e-06,7.02734555484523e-05,0.00160566666666667,4,42.8,0.416666666666667
8.03676995215046e-05,0.00165848688728122,0.571087037294216,986.401863370332,0.0314536947721081,8.99999904632568e-06,7.02706283321517e-05,0.00160572703018176,3.80000000000001,42.8,0.416666666666667
8.03649518978801e-05,0.00165854730524777,0.567668378102138,981.340061251805,0.0339330001308525,8.99999904632568e-06,7.02397768662877e-05,0.00160598382524596,4,42.8,0.416666666666667
8.03340630190763e-05,0.00165880592584076,0.574162490995122,991.135855370446,0.0318910366474273,8.99999904632568e-06,7.02089254004237e-05,0.00160624062031015,4.60000000000002,42.8,0.416666666666667
8.03027909556631e-05,0.00165907020250938,0.581635183372658,1002.23020022573,0.0291051351059658,8.99999904632568e-06,7.01743777688399e-05,0.00160633333333333,3.80000000000001,42.8,0.416666666666667
8.02678175089076e-05,0.00165917056584487,0.568388266737762,982.704366883423,0.0368112150331659,8.99999904632568e-06,7.01377416533737e-05,0.00160633333333333,3.19999999999999,42.8,0.416666666666667
8.02307051784876e-05,0.00165917306952646,0.580395035262476,1003.13240046424,0.0379946058802504,8.99999904632568e-06,7.01025103814335e-05,0.00160633883608471,4.60000000000002,42.8,0.416666666666667
8.01949685675445e-05,0.00165917800454756,0.575877939205079,995.856125322511,0.0389246767540882,8.99999904632568e-06,7.00986539482421e-05,0.00160646723361681,3.39999999999998,42.8,0.444444444444443
8.01906255277956e-05,0.00165930593365789,0.55717662236339,962.128413624886,0.0341709652560916,8.99999904632568e-06,7.00947975150508e-05,0.00160659563114891,4,42.8,0.416666666666667
8.01867099577257e-05,0.00165943822221342,0.584229506207251,1006.71616530101,0.0314450563459109,8.99999904632568e-06,7.00926639559086e-05,0.00160666666666667,3.60000000000002,42.8,0.416666666666667
8.01845230823338e-05,0.00165951329135617,0.580329027756604,1003.08606667698,0.0383994810748999,8.99999904632568e-06,7.00926639559086e-05,0.00160666666666667,3.60000000000002,42.8,0.444444444444443
8.01844933048066e-05,0.00165951558090763,0.5807184796312,1002.39115194413,0.0352324884926342,8.99999904632568e-06,7.00926639559086e-05,0.00160666666666667,3.80000000000001,42.8,0.416666666666667
8.01844928993417e-05,0.00165951565137922,0.572467050476921,987.157939201332,0.0321580985766012,8.99999904632568e-06,7.00959444282986e-05,0.00160644822411206,3.60000000000002,42.8,0.416666666666667
8.01877733662107e-05,0.00165929721100259,0.598121653374911,1029.70890905057,0.0300851462440885,8.99999904632568e-06,7.009980086149e-05,0.00160619142904786,3.19999999999999,42.8,0.416666666666667
8.01916744677869e-05,0.00165903370006215,0.586947345535353,1010.36528887132,0.0290729183719914,8.99999904632568e-06,7.00977674694512e-05,0.00160586926796732,4,42.8,0.416666666666667
8.0189694194988e-05,0.00165870343644833,0.563506635654956,972.029683448176,0.0326801040585339,8.99999904632568e-06,7.00784853035241e-05,0.00160535567783892,3.60000000000002,42.8,0.416666666666667
8.01703850647321e-05,0.00165817957179256,0.582960580959189,1003.61693957466,0.0300641617525758,8.99999904632568e-06,7.00592031375971e-05,0.00160484208771052,3.39999999999998,42.8,0.416666666666667
8.01508399765762e-05,0.00165764940304173,0.581131090321003,1001.75421119766,0.0337523937825396,8.99999904632568e-06,7.00284944103601e-05,0.00160441303985326,3.80000000000001,42.8,0.416666666666667
8.01198651141962e-05,0.00165720357699529,0.588029575759211,1012.64185210238,0.0329055295689684,8.99999904632568e-06,6.99918582953035e-05,0.00160402784725696,3.19999999999999,42.8,0.416666666666667
8.00828072307975e-05,0.00165680402256768,0.580015435107382,998.993679932218,0.0335637552789421,8.99999904632568e-06,6.99558231828286e-05,0.00160369067867267,4,42.8,0.416666666666667
8.00462675206959e-05,0.00165645382106148,0.577231701985098,995.036203808698,0.0359936182340352,8.99999904632568e-06,6.99288281508532e-05,0.00160407587126897,4,42.8,0.416666666666667
8.0018774946786e-05,0.00165682751997401,0.574866574147795,992.039630803941,0.0390006265953059,8.99999904632568e-06,6.99018331188779e-05,0.00160446106386527,5.19999999999999,42.8,0.416666666666667
7.99914055629515e-05,0.00165722382133105,0.571530916676584,980.673983633546,0.0262517045888808,8.99999904632568e-06,6.98748380869705e-05,0.00160466666666667,3.39999999999998,42.8,0.416666666666667
7.99640378565991e-05,0.00165744123584255,0.543048482752476,933.747328386301,0.0297629544341238,8.99999904632568e-06,6.98478430551408e-05,0.00160466666666667,5.39999999999998,42.8,0.416666666666667
7.99366701731659e-05,0.00165744750104979,0.575446143068875,988.562013865636,0.0306270420385145,8.99999904632568e-06,6.98208480233111e-05,0.00160466666666667,4.19999999999999,42.8,0.416666666666667
7.99093024900447e-05,0.00165744721940166,0.581261200256035,997.31302677396,0.0289539529349166,8.99999904632568e-06,6.97888195951787e-05,0.00160533700183425,3,42.8,0.416666666666667
7.98769014106251e-05,0.00165811706993054,0.583768948915146,1003.51204066108,0.0344653751434332,8.99999904632568e-06,6.97560399138669e-05,0.00160610738702685,4,42.8,0.416666666666667
7.9843680540927e-05,0.00165890766094974,0.583058781279635,1001.59020591038,0.0335484121918957,8.99999904632568e-06,6.97253737582653e-05,0.00160659629814907,5,42.8,0.416666666666667
7.98125620342878e-05,0.00165942050729999,0.564724626115872,966.96041046957,0.0254166247398874,8.99999904632568e-06,6.97003069432893e-05,0.00160633950308488,5.60000000000002,42.8,0.416666666666667
7.97870714950417e-05,0.00165917907232334,0.577041199573014,987.904218859182,0.0264563284952405,8.99999904632568e-06,6.96752401283133e-05,0.00160608270802068,3.60000000000002,42.8,0.416666666666667
7.97616575888552e-05,0.00165891434810781,0.575425876360768,988.15338347987,0.0338000922688836,8.99999904632568e-06,6.96619379384051e-05,0.00160591295647824,3.19999999999999,42.8,0.416666666666667
7.97480093512084e-05,0.00165873594664486,0.585246489731634,1004.40094195432,0.033342231727399,8.99999904632568e-06,6.96542250722839e-05,0.00160578455894614,3.39999999999998,42.8,0.444444444444443
7.97401106442433e-05,0.00165860178029656,0.59387282454424,1017.70121985337,0.0306379120444853,8.99999904632568e-06,6.96476165483572e-05,0.00160565090878773,4,42.8,0.416666666666667
7.97333945677954e-05,0.00165846383284818,0.591157818232646,1016.37078932302,0.0381768722539796,8.99999904632568e-06,6.9653401197947e-05,0.00160545831248958,4.19999999999999,42.8,0.416666666666667
7.97390877681192e-05,0.00165826684258914,0.566307525898511,971.793817192192,0.0315187689098107,8.99999904632568e-06,6.96591858475368e-05,0.00160526571619143,4.19999999999999,42.8,0.416666666666667
7.97449499390111e-05,0.00165806823744892,0.585885597427996,1006.75991731578,0.0361227715975746,8.99999904632568e-06,6.96640339348139e-05,0.00160516666666667,4,42.8,0.416666666666667
7.97498778483731e-05,0.00165796313194968,0.593732784945569,1018.91445786554,0.033553405618582,8.99999904632568e-06,6.96678903678775e-05,0.00160516666666667,4.19999999999999,42.8,0.416666666666667
7.97538013821759e-05,0.00165795995876135,0.593921895096219,1016.66124589219,0.0273070761830263,8.99999904632568e-06,6.9671746800941e-05,0.00160516666666667,3.39999999999998,42.8,0.416666666666667
7.97577112399271e-05,0.00165795992860173,0.575269597931378,988.126068707977,0.0340053822940352,8.99999904632568e-06,6.96756032340073e-05,0.00160493821910955,4.19999999999999,42.8,0.416666666666667
7.97616209114614e-05,0.00165773154809935,0.603935008450909,1034.37967253436,0.0291816952553442,8.99999904632568e-06,6.96794596670738e-05,0.00160468142404536,3.80000000000001,42.8,0.416666666666667
7.97655305804604e-05,0.00165746773989868,0.577155719609334,990.836018020362,0.0327711908360292,8.99999904632568e-06,6.96810523238468e-05,0.00160453768550942,3.80000000000001,42.8,0.416666666666667
7.97671764731313e-05,0.00165731588976166,0.594823734402628,1020.36164281431,0.0323807158792238,8.99999904632568e-06,6.96771958907802e-05,0.00160466608304152,3.60000000000002,42.8,0.416666666666667
7.97633424513159e-05,0.00165743960767785,0.566340495892059,972.917646770914,0.0336627590589751,8.99999904632568e-06,6.96733394577136e-05,0.00160479448057362,2.80000000000001,42.8,0.416666666666667
7.97594338123992e-05,0.00165757177451337,0.570031319411943,979.162063472926,0.0340272018360878,8.99999904632568e-06,6.96614145653558e-05,0.0016044303818576,4.60000000000002,42.8,0.416666666666667
7.97474556981696e-05,0.00165721170576884,0.580675490605649,997.226650242234,0.034772692714691,8.99999904632568e-06,6.96459888331193e-05,0.00160385259296315,4.60000000000002,42.8,0.416666666666667
7.97318668662777e-05,0.00165662254435884,0.578478043881373,995.489932797302,0.0397507138940045,8.99999904632568e-06,6.96313444042057e-05,0.00160345689511422,4.19999999999999,42.8,0.416666666666667
7.97170101724732e-05,0.00165620830800209,0.569973153242532,978.471545100379,0.0335914680191377,8.99999904632568e-06,6.96236315381053e-05,0.00160467667166917,2.80000000000001,42.8,0.416666666666667
7.97090950106195e-05,0.00165741498247404,0.582868136647926,999.310159217013,0.0317611912580911,8.99999904632568e-06,6.96159186720048e-05,0.00160589644822411,3.60000000000002,42.8,0.416666666666667
7.97012743679404e-05,0.00165867203531217,0.561267089170694,963.0425416463,0.0323230522915419,8.99999904632568e-06,6.96023610561e-05,0.00160640270135068,3.19999999999999,42.8,0.416666666666667
7.96876102624745e-05,0.00165921712838773,0.592955222552367,1014.5171193131,0.0284383462891765,8.99999904632568e-06,6.95830788909008e-05,0.00160621010505253,3,42.8,0.416666666666667
7.96681420403677e-05,0.00165904119553359,0.560945258165624,960.488665684707,0.0285742228042656,8.99999904632568e-06,6.95637967257016e-05,0.00160601750875438,3.39999999999998,42.8,0.416666666666667
7.964859478667e-05,0.00165884280575477,0.599872997854269,1027.22001964953,0.032204455275858,8.99999904632568e-06,6.95392557882763e-05,0.00160623345005836,3.80000000000001,42.8,0.416666666666667
7.96237876846146e-05,0.00165905225590858,0.584848905688922,1001.11003626318,0.030785929441597,8.99999904632568e-06,6.95141889736283e-05,0.00160649024512256,5,42.8,0.416666666666667
7.95983830847595e-05,0.00165931511376586,0.572505382752752,978.621633820198,0.0273884376114979,8.99999904632568e-06,6.94867081321344e-05,0.00160636526596632,3.80000000000001,42.8,0.416666666666667
7.95705563222464e-05,0.00165919784296186,0.587462872002858,1005.16573610301,0.0315720080458093,8.99999904632568e-06,6.94539284516301e-05,0.00160540228447557,4,42.8,0.416666666666667
7.95373977394132e-05,0.00165823074150547,0.565687688044963,966.951780812749,0.0285636007805723,8.99999904632568e-06,6.94211487711258e-05,0.00160443930298483,4.19999999999999,42.8,0.416666666666667
7.95041665559987e-05,0.00165723719764224,0.594877541933443,1015.48969972268,0.0271293457464826,8.99999904632568e-06,6.94298382662495e-05,0.00160347632149408,4.39999999999998,42.8,0.444444444444443
7.95124035596484e-05,0.00165624283264821,0.580809724959933,996.735359497926,0.0380220394225828,8.99999904632568e-06,6.94549050807335e-05,0.00160251334000333,3.80000000000001,42.8,0.416666666666667
7.95375825330608e-05,0.00165524916329879,0.558621883957802,956.953491083788,0.0315274191023357,8.99999904632568e-06,6.94797390067447e-05,0.00160177522094381,3.80000000000001,42.8,0.416666666666667
7.95627593078551e-05,0.00165448067255931,0.588461969163181,1008.0073224434,0.0330506397989671,8.99999904632568e-06,6.95028776048413e-05,0.0016026740036685,4.39999999999998,42.8,0.416666666666667
7.95862407247973e-05,0.00165535606541161,0.591571036776883,1013.17448203199,0.0323090971510437,8.99999904632568e-06,6.95260162029378e-05,0.0016035727863932,3.19999999999999,42.8,0.416666666666667
7.96096990569469e-05,0.00165628239872946,0.605692028291059,1036.65358902542,0.031264202294074,8.99999904632568e-06,6.95440963629482e-05,0.0016041684175421,4,42.8,0.416666666666667
7.96280986366771e-05,0.00165690715952063,0.564022571869404,970.491217431018,0.039976380070255,8.99999904632568e-06,6.95575938785538e-05,0.00160448941137235,5,42.8,0.416666666666667
7.96418466896424e-05,0.0016572478445235,0.581089091546634,995.985496101976,0.0321382533916905,8.99999904632568e-06,6.95710913941595e-05,0.0016048104052026,4.39999999999998,42.8,0.416666666666667
7.96555314052245e-05,0.0016575796406387,0.595730280909693,1021.98017061245,0.0359528728457183,8.99999904632568e-06,6.9552360148028e-05,0.00160548907787227,3.39999999999998,42.8,0.416666666666667
7.96369864966377e-05,0.00165826883888475,0.581873307983745,997.392781057681,0.0333844491733317,8.99999904632568e-06,6.95311497663783e-05,0.00160619526429882,3.80000000000001,42.8,0.416666666666667
7.9615523598762e-05,0.00165899607197927,0.583531847466121,1002.67669750679,0.0397493365433808,8.99999904632568e-06,6.95131447316729e-05,0.00160641053860263,4,42.8,0.416666666666667
7.95972263151116e-05,0.00165923352151054,0.551528597444545,945.942104561351,0.033150213165618,8.99999904632568e-06,6.95015754326291e-05,0.00160564015341004,4.19999999999999,42.8,0.416666666666667
7.95854078716197e-05,0.00165847018045593,0.587725921299002,1007.90270164276,0.036074848662355,8.99999904632568e-06,6.94900061335853e-05,0.00160486976821744,3.39999999999998,42.8,0.416666666666667
7.95736776470726e-05,0.00165767592173865,0.582671853128,995.204221828154,0.0269710256665014,8.99999904632568e-06,6.94557189384055e-05,0.00160480848757712,3.80000000000001,42.8,0.416666666666667
7.95392307276203e-05,0.00165758981048045,0.589928002666221,1010.95084652598,0.0365683410572582,8.99999904632568e-06,6.94132981754734e-05,0.00160500108387527,3.80000000000001,42.8,0.416666666666667
7.94963409191786e-05,0.00165777913781984,0.578703336693639,987.741695198794,0.0272156514978683,8.99999904632568e-06,6.93735819240127e-05,0.00160514865766216,3.60000000000002,42.8,0.416666666666667
7.94560406598479e-05,0.00165793183602926,0.573553431670017,984.528016291107,0.0406042729141303,8.99999904632568e-06,6.9350443326201e-05,0.00160502026013007,4.39999999999998,42.8,0.416666666666667
7.94323533146889e-05,0.00165780747223429,0.584557148695197,999.241081144611,0.0324021414559382,8.99999904632568e-06,6.93273047283892e-05,0.00160489186259797,3.19999999999999,42.8,0.416666666666667
7.94088921788083e-05,0.00165767480679434,0.609385543804312,1042.062388128,0.0357632934235685,8.99999904632568e-06,6.93136093830052e-05,0.00160504293813573,4.80000000000001,42.8,0.416666666666667
7.93948773755276e-05,0.00165782136095864,0.586980995183148,1002.39759345091,0.0307545508679204,8.99999904632568e-06,6.9307824733569e-05,0.00160542813073203,4.80000000000001,42.8,0.416666666666667
7.93889018939168e-05,0.00165821085387772,0.587043281731058,1001.90442929124,0.0294812132612552,8.99999904632568e-06,6.93020400841327e-05,0.00160581332332833,3,42.8,0.416666666666667
7.93830358795033e-05,0.00165860801910881,0.597051970897846,1022.67412444455,0.038470857561015,8.99999904632568e-06,6.93236761755686e-05,0.00160492037685509,3.60000000000002,42.8,0.416666666666667
7.9404592096519e-05,0.00165772728506021,0.594176966655948,1016.54899472932,0.0347132582733014,8.99999904632568e-06,6.93468147733536e-05,0.00160395739536435,3.39999999999998,42.8,0.416666666666667
7.94280242139265e-05,0.00165673737054294,0.600284435276366,1026.56307351082,0.0335875847445927,8.99999904632568e-06,6.9369274739137e-05,0.00160333333333333,3.39999999999998,42.8,0.416666666666667
7.94508032424773e-05,0.00165608302287692,0.591599215794512,1010.89446873984,0.0303585554557741,8.99999904632568e-06,6.93904851205338e-05,0.00160333333333333,4.19999999999999,42.8,0.416666666666667
7.94723237938754e-05,0.00165606313040805,0.571040853573075,977.467264365001,0.0323748765004154,8.99999904632568e-06,6.94116955019305e-05,0.00160333333333333,4.19999999999999,42.8,0.416666666666667
7.94938272092548e-05,0.00165606288785409,0.564918092669378,967.85624536632,0.0332806990354765,8.99999904632568e-06,6.94387356080991e-05,0.00160352743038186,4.60000000000002,42.8,0.416666666666667
7.95211601160739e-05,0.00165625735131225,0.572745892303577,981.928075999101,0.0347080678934569,8.99999904632568e-06,6.94676588556029e-05,0.00160378422544606,3.80000000000001,42.8,0.444444444444443
7.95504555413344e-05,0.00165652065117524,0.593797120169171,1020.36269559864,0.0413074035144753,8.99999904632568e-06,6.94965821031334e-05,0.00160397948974487,4.60000000000002,42.8,0.416666666666667
7.95797776891987e-05,0.00165672458872842,0.563485371969327,969.814239608764,0.0412957434022439,8.99999904632568e-06,6.95255053508041e-05,0.00160385109221277,4,42.8,0.416666666666667
7.96091002010709e-05,0.00165660302433871,0.597059089456277,1024.64058217706,0.0369247906366939,8.99999904632568e-06,6.95544285984748e-05,0.00160372269468067,3.60000000000002,42.8,0.416666666666667
7.96384227178995e-05,0.00165647136750307,0.566161811740346,971.901121937477,0.0345909181849377,8.99999904632568e-06,6.95692232778965e-05,0.00160391995997999,4,42.8,0.416666666666667
7.96536166665466e-05,0.00165666506057444,0.580066632659773,996.203085516788,0.0366546172988438,8.99999904632568e-06,6.95730797109319e-05,0.00160436935134234,4.39999999999998,42.8,0.416666666666667
7.96576799875563e-05,0.00165712072176063,0.600882392189409,1027.20312556405,0.0270562713725062,8.99999904632568e-06,6.95769361439673e-05,0.00160481874270469,2.80000000000001,42.8,0.416666666666667
7.96615917486879e-05,0.00165758431192683,0.579629256230811,993.702632870876,0.032294166481405,8.99999904632568e-06,6.95807925770055e-05,0.00160458487577122,3.39999999999998,42.8,0.416666666666667
7.96655014461115e-05,0.00165736488700616,0.58989260635632,1011.62529693278,0.0337788597187359,8.99999904632568e-06,6.95846490100439e-05,0.00160432808070702,3.80000000000001,42.8,0.416666666666667
7.96694111154349e-05,0.00165710135648104,0.602974093078104,1033.43273526192,0.0334961895207684,8.99999904632568e-06,6.95806273013126e-05,0.00160404744038686,3.80000000000001,42.8,0.416666666666667
7.96654426426059e-05,0.00165681261316935,0.581426495866412,995.939432432699,0.03088938648777,8.99999904632568e-06,6.95632733526634e-05,0.00160372644655661,3,42.8,0.416666666666667
7.96480346573581e-05,0.00165648259760895,0.576993382671809,987.966041408487,0.0301142586567757,8.99999904632568e-06,6.95459194040142e-05,0.00160340545272636,4.60000000000002,42.8,0.416666666666667
7.96304436733675e-05,0.00165615106866466,0.586155047465265,1003.10954091408,0.0297080769761217,8.99999904632568e-06,6.95375354184434e-05,0.00160368175754544,3,42.8,0.416666666666667
7.96218201606581e-05,0.00165641678826378,0.575719690152881,984.788466250879,0.0280319858429937,8.99999904632568e-06,6.9531750768907e-05,0.00160413114890779,4.60000000000002,42.8,0.416666666666667
7.96159180893036e-05,0.00165687426852104,0.556215478993169,952.975606722912,0.0306892028794374,8.99999904632568e-06,6.95207824724087e-05,0.0016045,3.39999999999998,42.8,0.444444444444443
7.96048694274167e-05,0.00165725720152728,0.595752696241412,1022.45363775309,0.038769125374493,8.99999904632568e-06,6.94860745753306e-05,0.0016045,3.19999999999999,42.8,0.416666666666667
7.95700110865449e-05,0.00165726888254739,0.555366561887596,951.352130578421,0.0319316537597903,8.99999904632568e-06,6.94513666782526e-05,0.0016045,3.19999999999999,42.8,0.416666666666667
7.95348285418491e-05,0.00165726863856335,0.583190585788037,998.996953881091,0.0346607289287824,8.99999904632568e-06,6.9426778161609e-05,0.00160453743538436,4.19999999999999,42.8,0.416666666666667
7.95097609630755e-05,0.00165730545458152,0.575923841143239,987.592585790271,0.0369661355053977,8.99999904632568e-06,6.94094242131601e-05,0.00160460163415041,3.60000000000002,42.8,0.416666666666667
7.94920656826456e-05,0.00165737035894946,0.592645240591515,1010.63766496478,0.02549022803957,8.99999904632568e-06,6.93920702647112e-05,0.00160466583291646,3,42.8,0.416666666666667
7.94744707869086e-05,0.00165743626241892,0.587469229474835,1006.07056118147,0.0347315922728423,8.99999904632568e-06,6.94146829854305e-05,0.0016044132066033,4.19999999999999,42.8,0.416666666666667
7.94968439272251e-05,0.00165718537353276,0.582900982200601,997.60830648474,0.032234849073756,8.99999904632568e-06,6.94378215833757e-05,0.0016041564115391,4.39999999999998,42.8,0.416666666666667
7.95202871684059e-05,0.00165692118850892,0.58407419565984,1000.92783643457,0.0343187916029707,8.99999904632568e-06,6.94805578728864e-05,0.00160374904118726,4.60000000000002,42.8,0.416666666666667
7.95633426721505e-05,0.00165650603454822,0.582165550098793,997.871577367149,0.0327664249758325,8.99999904632568e-06,6.95538301004176e-05,0.00160310705352676,4,42.8,0.416666666666667
7.96372011637371e-05,0.00165585192340862,0.578408774489317,992.867450904377,0.0339730729865613,8.99999904632568e-06,6.96271023279488e-05,0.00160246506586627,4.39999999999998,42.8,0.416666666666667
7.9711479083341e-05,0.00165519093885114,0.613896601891612,1051.65112429959,0.0313658014087585,8.99999904632568e-06,6.96467350779456e-05,0.00160228230782058,4.60000000000002,42.8,0.416666666666667
7.97321232365403e-05,0.00165498897808614,0.581767874253702,998.337586751721,0.0328886247971634,8.99999904632568e-06,6.96525197275332e-05,0.00160221810905453,4,42.8,0.416666666666667
7.97381889866591e-05,0.00165491887635066,0.588651850521659,1009.76124572817,0.0323616393285571,8.99999904632568e-06,6.96583043771221e-05,0.00160234525596131,4.60000000000002,42.8,0.416666666666667
7.97440562303638e-05,0.00165504395517556,0.595678379486118,1020.64009461854,0.0299609376673515,8.99999904632568e-06,6.96640890267163e-05,0.00160324403868601,4.19999999999999,42.8,0.416666666666667
7.97499207711169e-05,0.00165594671809837,0.602897087353349,1033.65634622436,0.0319062886947909,8.99999904632568e-06,6.96698736763106e-05,0.00160414282141071,3.19999999999999,42.8,0.416666666666667
7.97557852750654e-05,0.00165687359370164,0.570378379110579,980.921291856473,0.0364740936922232,8.99999904632568e-06,6.96733344493588e-05,0.00160465474403869,3.80000000000001,42.8,0.416666666666667
7.97593259019666e-05,0.00165741435684081,0.582910731298415,1003.12718618084,0.0390565663750928,8.99999904632568e-06,6.96752626658917e-05,0.00160491153910288,4.39999999999998,42.8,0.416666666666667
7.97613023293461e-05,0.00165768798027477,0.582345503035421,998.733532250502,0.0308856499644078,8.99999904632568e-06,6.96772034033112e-05,0.00160516666666667,4.39999999999998,43,0.444444444444443
7.97632699787334e-05,0.00165795162612425,0.575624460212224,986.829256538754,0.0294079768311874,8.99999904632568e-06,6.96810598363792e-05,0.00160516666666667,4.19999999999999,42.8,0.416666666666667
7.97671532042439e-05,0.0016579598348942,0.570724289267904,980.580578004707,0.0340235876831582,8.99999904632568e-06,6.96849162694473e-05,0.00160516666666667,4.39999999999998,42.8,0.416666666666667
7.97710625131429e-05,0.00165796015694052,0.578145980454082,992.728698616315,0.0335505311810349,8.99999904632568e-06,6.9671363661863e-05,0.00160482416208104,3.39999999999998,42.8,0.416666666666667
7.97575631365533e-05,0.0016576177303205,0.581329072363944,1001.39375559415,0.0423233603910325,8.99999904632568e-06,6.96327993313163e-05,0.00160398957812239,4,42.8,0.416666666666667
7.9718814992125e-05,0.00165677229440096,0.571280778549749,980.731911945836,0.0344733283976156,8.99999904632568e-06,6.95942350007695e-05,0.00160315499416375,5,42.8,0.416666666666667
7.96797230485598e-05,0.00165591082320988,0.585868514794278,1005.71152596663,0.0362177504982871,8.99999904632568e-06,6.95682316237169e-05,0.001603,3.39999999999998,42.8,0.416666666666667
7.96531873771575e-05,0.00165572843864863,0.574434053895671,986.650079793545,0.0371638504556851,8.99999904632568e-06,6.95450930255313e-05,0.001603,3.60000000000002,42.8,0.416666666666667
7.96296874567488e-05,0.00165572232222925,0.582547800108736,997.403775571444,0.0309547837174918,8.99999904632568e-06,6.95223751291515e-05,0.001603028014007,3.60000000000002,42.8,0.416666666666667
7.96066495743639e-05,0.00165574973794358,0.571422717206387,977.786665356944,0.0293479943180075,8.99999904632568e-06,6.95011647475752e-05,0.0016031564115391,3.80000000000001,42.8,0.416666666666667
7.95851254981103e-05,0.00165587858490859,0.588018986008597,1005.7269725436,0.0299979440679519,8.99999904632568e-06,6.9479954365999e-05,0.0016032848090712,3.39999999999998,42.8,0.444444444444443
7.95636220345553e-05,0.00165601060315605,0.576203096008123,986.326265736628,0.030570685220624,8.99999904632568e-06,6.94995270156967e-05,0.00160309371352343,4.19999999999999,42.8,0.416666666666667
7.95829018829465e-05,0.00165582322701027,0.588485986675824,1011.33610543317,0.0397664185615724,8.99999904632568e-06,6.95438759954584e-05,0.00160270852092713,4,42.8,0.416666666666667
7.96275133862215e-05,0.00165543255992815,0.588850512970263,1012.35743596555,0.0395915809426549,8.99999904632568e-06,6.95873234713981e-05,0.00160233833583458,3.39999999999998,42.8,0.416666666666667
7.96715683134403e-05,0.00165505103764988,0.593729670230895,1015.42460402539,0.0271203929917517,8.99999904632568e-06,6.95969645540069e-05,0.00160253093213273,3.80000000000001,42.8,0.416666666666667
7.96818092687262e-05,0.00165523257062588,0.57658220886916,992.499223673368,0.0408399689026839,8.99999904632568e-06,6.96066056366158e-05,0.00160272352843088,5,42.8,0.416666666666667
7.96915897970146e-05,0.00165543097358494,0.588662743362389,1009.1413891245,0.0319103176853468,8.99999904632568e-06,6.96179044846113e-05,0.00160297131899283,4.60000000000002,42.8,0.416666666666667
7.97030218212983e-05,0.00165568508586881,0.592806412088659,1013.12644655036,0.024414426078665,8.99999904632568e-06,6.96314020002949e-05,0.00160329231282308,3.80000000000001,42.8,0.416666666666667
7.97166750008189e-05,0.00165601415745229,0.57889089023629,994.292953888007,0.0349618815568305,8.99999904632568e-06,6.96448995159784e-05,0.00160361330665333,4.19999999999999,42.8,0.416666666666667
7.97303584246373e-05,0.00165634559183421,0.577985567965251,993.287533897509,0.0359561056793093,8.99999904632568e-06,6.96535739861828e-05,0.00160366666666667,3,42.8,0.416666666666667
7.97392192147971e-05,0.00165640946618563,0.584604440886218,1004.21523594029,0.0352725478337929,8.99999904632568e-06,6.9661286852304e-05,0.00160366666666667,3.80000000000001,42.8,0.416666666666667
7.97470527336182e-05,0.0016564116007451,0.581758468066892,999.132250623826,0.0344578115157297,8.99999904632568e-06,6.96657918672881e-05,0.00160349883274971,3,42.8,0.416666666666667
7.9751664413491e-05,0.00165624396923162,0.582376893986106,1001.38821880345,0.0374722723382998,8.99999904632568e-06,6.96600072176961e-05,0.00160279264632316,3.80000000000001,42.8,0.416666666666667
7.97459425587082e-05,0.00165553266544784,0.576228524732056,992.738543665261,0.0415739386586077,8.99999904632568e-06,6.96542225681041e-05,0.00160208645989662,4.39999999999998,42.8,0.416666666666667
7.97400799976415e-05,0.00165480432497014,0.590550805842184,1010.95849488576,0.0279612316722335,8.99999904632568e-06,6.96447267277477e-05,0.00160191570785393,2.60000000000002,42.8,0.416666666666667
7.97305043298873e-05,0.00165461088819297,0.586531245346896,1004.78578218808,0.0296786849976497,8.99999904632568e-06,6.96331574285837e-05,0.00160204410538603,3.60000000000002,42.8,0.416666666666667
7.97188046439127e-05,0.00165473312154604,0.562011744870728,964.576397332253,0.0324956352375668,8.99999904632568e-06,6.96217634218319e-05,0.00160216666666667,4.39999999999998,42.8,0.416666666666667
7.9707251328716e-05,0.0016548592693213,0.593509603752696,1020.14747586593,0.0388121746318383,8.99999904632568e-06,6.96140505557374e-05,0.00160216666666667,3.80000000000001,42.8,0.444444444444443
7.96993811472302e-05,0.00165486297973105,0.586685701105441,1007.14760038305,0.0353691662928324,8.99999904632568e-06,6.96063376896429e-05,0.00160216666666667,3.80000000000001,42.8,0.416666666666667
7.9691561117031e-05,0.00165486295791805,0.548497947629213,944.457038260645,0.0393699622092921,8.99999904632568e-06,6.95908268154624e-05,0.00160288786059697,5.60000000000002,42.8,0.416666666666667
7.96759437616293e-05,0.00165558401518685,0.583686708053185,999.64674994438,0.0306026376896517,8.99999904632568e-06,6.95657600007373e-05,0.00160449282974821,4,42.8,0.416666666666667
7.96506642936237e-05,0.00165721106972918,0.614877757063524,1052.32247970332,0.031977597808239,8.99999904632568e-06,6.95406931860122e-05,0.00160609779889945,4,42.8,0.416666666666667
7.96252532617337e-05,0.00165886604743549,0.589587554192844,1012.42775612711,0.0383307060672866,8.99999904632568e-06,6.95304335716552e-05,0.00160633333333333,3.80000000000001,42.8,0.416666666666667
7.96146476387759e-05,0.00165915245391702,0.572366482121698,981.763242010938,0.0344206114168033,8.99999904632568e-06,6.95227207056111e-05,0.00160633333333333,3.60000000000002,42.8,0.416666666666667
7.96067903615653e-05,0.00165916114975794,0.577417871283934,990.783284313067,0.0358793169177966,8.99999904632568e-06,6.95145120124685e-05,0.00160621777555444,4.80000000000001,42.8,0.416666666666667
7.95984746800286e-05,0.0016590457249678,0.584805775396758,1000.82643343068,0.0305282708550692,8.99999904632568e-06,6.95048709299302e-05,0.0016057683841921,4.80000000000001,42.8,0.416666666666667
7.95887203672466e-05,0.00165859261016181,0.598499557031174,1025.60982649552,0.0350624210033732,8.99999904632568e-06,6.94952298473918e-05,0.00160531899282975,3.60000000000002,42.8,0.416666666666667
7.95789464653827e-05,0.0016581289999856,0.579052184722667,994.331811574263,0.0379564008773226,8.99999904632568e-06,6.95072574109012e-05,0.00160423303318326,3.19999999999999,42.8,0.416666666666667
7.95908409428323e-05,0.00165702849576712,0.573116999717778,981.535567251487,0.0307232979740362,8.99999904632568e-06,6.95303960090244e-05,0.00160282066033016,4,42.8,0.416666666666667
7.9614141501773e-05,0.0016555822077235,0.578342243376652,991.948623306965,0.0339764834219087,8.99999904632568e-06,6.95530337716943e-05,0.0016015,4.60000000000002,42.8,0.416666666666667
7.96370965358482e-05,0.00165421710923855,0.582471996546343,998.155372845849,0.0318386902571849,8.99999904632568e-06,6.95684595038358e-05,0.0016015,3.60000000000002,42.8,0.416666666666667
7.96528348345653e-05,0.00165417518242355,0.577295350318727,993.235075195421,0.0403390256229802,8.99999904632568e-06,6.95838852359773e-05,0.0016015,4.39999999999998,42.8,0.416666666666667
7.96684748668085e-05,0.00165417415612722,0.589128366385887,1011.3956616793,0.0357993281295839,8.99999904632568e-06,6.96029270001756e-05,0.00160153009838252,4,42.8,0.416666666666667
7.96877295930658e-05,0.00165420449465844,0.598419079034157,1026.88791882922,0.0349093844607377,8.99999904632568e-06,6.96260655984769e-05,0.00160159429714857,4,42.8,0.416666666666667
7.97111303728055e-05,0.0016542699689223,0.57220968680923,983.750564352649,0.0364916458744607,8.99999904632568e-06,6.96492041967782e-05,0.00160165849591462,3.39999999999998,42.8,0.416666666666667
7.97345876071657e-05,0.00165433660469525,0.601119986483707,1031.96923699618,0.035186954958144,8.99999904632568e-06,6.96639287593767e-05,0.00160228297482074,3.39999999999998,42.8,0.416666666666667
7.97496315745359e-05,0.0016549635576035,0.574629290729852,986.429707955241,0.0325066420300457,8.99999904632568e-06,6.96774262751018e-05,0.00160298916124729,3.19999999999999,42.8,0.416666666666667
7.97633339360195e-05,0.00165568944481916,0.558801334045978,962.056270135589,0.0376138685603123,8.99999904632568e-06,6.96866566726824e-05,0.00160362431215608,3.39999999999998,42.8,0.416666666666667
7.97727509114197e-05,0.00165634734072601,0.589569790134586,1012.71739919434,0.0350164349069096,8.99999904632568e-06,6.9684728456148e-05,0.00160407370351843,4.19999999999999,42.8,0.416666666666667
7.97709509208659e-05,0.0016568172944406,0.558372929486649,958.236619498249,0.0305097774504463,8.99999904632568e-06,6.96828002396136e-05,0.00160452309488077,3.80000000000001,42.8,0.416666666666667
7.97689981948108e-05,0.00165728122579914,0.566371633728451,973.896758237536,0.0358662133710845,8.99999904632568e-06,6.96716867006973e-05,0.00160462297815574,4.19999999999999,42.8,0.416666666666667
7.9757858066655e-05,0.00165739545968628,0.58745559666721,1007.90444626241,0.0327847694695675,8.99999904632568e-06,6.96562609684489e-05,0.00160455877938969,4.39999999999998,42.8,0.416666666666667
7.9742280645165e-05,0.00165733460911526,0.57161025064029,982.950030071781,0.037201957821977,8.99999904632568e-06,6.9640346921631e-05,0.00160442954810739,4,42.8,0.416666666666667
7.97261544888257e-05,0.00165720322023045,0.571759938991108,981.244295080451,0.0331543826420748,8.99999904632568e-06,6.9619136539867e-05,0.00160359496414874,3.60000000000002,42.8,0.416666666666667
7.97047245257076e-05,0.00165636428202943,0.579907083782471,996.287437227808,0.0368434122030904,8.99999904632568e-06,6.95979261581031e-05,0.0016027603801901,3.80000000000001,42.8,0.416666666666667
7.96832223434538e-05,0.00165550331345714,0.58636896168475,1006.26588218591,0.0352687862418866,8.99999904632568e-06,6.95785989177042e-05,0.00160242738035685,3.80000000000001,42.8,0.416666666666667
7.96636023191953e-05,0.00165514324468485,0.583090414094093,998.49047847214,0.030356251810112,8.99999904632568e-06,6.9561244969055e-05,0.00160261997665499,3.80000000000001,42.8,0.416666666666667
7.96459812150378e-05,0.0016553243355788,0.583987467690094,1003.20483554825,0.0383923444844379,8.99999904632568e-06,6.95438910204059e-05,0.00160281257295314,2.19999999999999,42.8,0.416666666666667
7.96283873291196e-05,0.0016555222403279,0.59057849164447,1009.7778767408,0.0271157625378217,8.99999904632568e-06,6.95661055772064e-05,0.00160311972652993,4.19999999999999,42.8,0.416666666666667
7.96503623192675e-05,0.00165583522415619,0.577351994764416,990.209197138402,0.0327722374128043,8.99999904632568e-06,6.95931006084644e-05,0.00160344072036018,3.80000000000001,42.8,0.444444444444443
7.96776565723606e-05,0.00165616630443498,0.581237597072866,996.286258289409,0.0309743192589393,8.99999904632568e-06,6.96206665921939e-05,0.00160351459062865,4,42.8,0.416666666666667
7.97055942075194e-05,0.00165625091474562,0.604986359222625,1039.04024723666,0.0369657095449945,8.99999904632568e-06,6.96495898401318e-05,0.00160300100050025,2.60000000000002,42.8,0.416666666666667
7.97348978674804e-05,0.00165574043384573,0.594410717102205,1020.06811157185,0.0333023583688804,8.99999904632568e-06,6.96785130880697e-05,0.00160248741037185,4.19999999999999,42.8,0.416666666666667
7.97642201278797e-05,0.0016552115254135,0.587176606566386,1008.99310167192,0.0352034475501743,8.99999904632568e-06,6.97047368329612e-05,0.00160233333333333,3.39999999999998,42.8,0.416666666666667
7.97908431385051e-05,0.00165504155903399,0.589676043480419,1013.39306973958,0.0350055073399279,8.99999904632568e-06,6.97298036479759e-05,0.00160233333333333,3,42.8,0.444444444444443
7.98162724649948e-05,0.00165503675204487,0.587505515515392,1007.65855576842,0.0294515717252939,8.99999904632568e-06,6.97532677895065e-05,0.00160238669334667,3.39999999999998,42.8,0.416666666666667
7.98400828642342e-05,0.00165509040521283,0.586845765731744,1007.82476080125,0.032230689490427,8.99999904632568e-06,6.97629088722378e-05,0.00160290028347507,4.60000000000002,42.8,0.416666666666667
7.98500481605968e-05,0.00165560607294845,0.573451024691166,984.735917459101,0.0307734489256591,8.99999904632568e-06,6.97725499549692e-05,0.00160341387360347,4,42.8,0.416666666666667
7.98598249355057e-05,0.001656135825064,0.538153259191946,924.895917728081,0.030028927192333,8.99999904632568e-06,6.97802327710308e-05,0.00160340586960147,5,42.8,0.416666666666667
7.98676408767478e-05,0.00165614441646853,0.583470333237057,1001.77619484682,0.0307732205761548,8.99999904632568e-06,6.97860174206785e-05,0.00160289227947307,5,42.8,0.416666666666667
7.98735319519395e-05,0.00165563122863767,0.581754900319161,998.511246836481,0.029741472597745,8.99999904632568e-06,6.97918020703262e-05,0.00160237868934467,4.39999999999998,42.8,0.416666666666667
7.98793968172469e-05,0.00165510182914544,0.562933508662036,966.526473539767,0.029065067082436,8.99999904632568e-06,6.979758671998e-05,0.00160239186259797,4.19999999999999,42.8,0.416666666666667
7.98852613256741e-05,0.00165509868992339,0.565369235849812,972.362113606829,0.0329471229000212,8.99999904632568e-06,6.98033713696344e-05,0.00160245606136402,4.39999999999998,42.8,0.416666666666667
7.98911258292425e-05,0.00165516289333524,0.577219884735684,993.33860077825,0.0352434767946654,8.99999904632568e-06,6.98042878985419e-05,0.00160231765882941,4.60000000000002,42.8,0.416666666666667
7.98921222119978e-05,0.00165502658345946,0.571145259868359,980.853826494254,0.0302315094003768,8.99999904632568e-06,6.97946468157883e-05,0.00160173986993497,2.80000000000001,42.8,0.416666666666667
7.9882494696462e-05,0.00165444458549297,0.606981602177115,1041.76400661716,0.0317274408391868,8.99999904632568e-06,6.97850057330346e-05,0.00160116208104052,4.19999999999999,42.8,0.416666666666667
7.98727225209139e-05,0.00165384858386245,0.566946589956959,976.418494252665,0.0370704753541253,8.99999904632568e-06,6.97684280790932e-05,0.00160155427713857,2.60000000000002,42.8,0.416666666666667
7.9856011804419e-05,0.0016542221305139,0.574531576185523,987.453614702896,0.0334720962045632,8.99999904632568e-06,6.97491459136416e-05,0.00160232466233117,3.19999999999999,42.8,0.416666666666667
7.98365020979665e-05,0.00165500380723565,0.574786711982719,987.491454276817,0.0330485699561887,8.99999904632568e-06,6.97296258513541e-05,0.00160299207937302,3.80000000000001,42.8,0.416666666666667
7.981671638231e-05,0.00165569512153858,0.58281371405521,1001.91078315323,0.0357178335262128,8.99999904632568e-06,6.97084154694432e-05,0.00160292788060697,4.39999999999998,42.8,0.444444444444443
7.97952365887585e-05,0.00165565201347375,0.56746547131644,976.331764784008,0.0368607825293113,8.99999904632568e-06,6.96872050875323e-05,0.00160286368184092,3.80000000000001,42.8,0.416666666666667
7.9773733727843e-05,0.00165558610458767,0.576671378786288,990.151812169431,0.0335435870394952,8.99999904632568e-06,6.96629446177126e-05,0.00160283333333333,3.80000000000001,42.8,0.444444444444443
7.97491804649226e-05,0.00165555333860093,0.579646687683392,994.650714787293,0.0330394855179671,8.99999904632568e-06,6.96359495863195e-05,0.00160283333333333,5,42.8,0.416666666666667
7.97218511047158e-05,0.00165555189569982,0.571715025347285,983.963397141402,0.03994882270457,8.99999904632568e-06,6.96089545549264e-05,0.00160283333333333,3.39999999999998,42.8,0.416666666666667
7.96944839438583e-05,0.00165555137572194,0.568541600204926,975.901785072355,0.033452256299805,8.99999904632568e-06,6.96142784358719e-05,0.0016026539936635,4,42.8,0.416666666666667
7.9699435180628e-05,0.00165537154403289,0.602048475621892,1034.41666668709,0.0384540397208297,8.99999904632568e-06,6.96219913019693e-05,0.00160246139736535,4.19999999999999,42.8,0.416666666666667
7.97072154651016e-05,0.00165517345800582,0.575671688330853,989.911782665956,0.0376287236539059,8.99999904632568e-06,6.96355188677951e-05,0.00160248390862098,3.19999999999999,42.8,0.416666666666667
7.9720848970952e-05,0.00165518996273721,0.587895912536395,1009.33214703926,0.0343004175019535,8.99999904632568e-06,6.96605856826939e-05,0.00160293329998333,4.19999999999999,42.8,0.416666666666667
7.97461014260996e-05,0.00165564010291985,0.582715369199332,999.025008623389,0.0298815388788063,8.99999904632568e-06,6.96856524975927e-05,0.00160338269134567,3.80000000000001,42.8,0.416666666666667
7.97715120903435e-05,0.00165610389036793,0.589169506534997,1011.96027805166,0.0344328186267819,8.99999904632568e-06,6.96993202973893e-05,0.0016035,2.80000000000001,42.8,0.416666666666667
7.97855258937349e-05,0.00165623602100369,0.576317087622881,988.650212451478,0.030235627645453,8.99999904632568e-06,6.97089613800761e-05,0.0016035,2.39999999999998,42.8,0.416666666666667
7.97953577949813e-05,0.00165624036151224,0.575374807669172,986.699452056962,0.0291415970604325,8.99999904632568e-06,6.97183270032595e-05,0.0016035,4.80000000000001,42.8,0.416666666666667
7.98048572939714e-05,0.00165624066706351,0.561967542935571,967.375216509754,0.0366076185663232,8.99999904632568e-06,6.97260398694223e-05,0.0016035,4.39999999999998,42.8,0.416666666666667
7.98126995097949e-05,0.0016562408417274,0.567614269961732,972.598946713397,0.0263710502354306,8.99999904632568e-06,6.97337527355851e-05,0.0016035,3.80000000000001,42.8,0.416666666666667
7.98205191592688e-05,0.00165624098351396,0.576876454531543,990.071657817176,0.0306934834123669,8.99999904632568e-06,6.97351400498227e-05,0.0016035,3.80000000000001,42.8,0.416666666666667
7.98220129495434e-05,0.00165624112388872,0.588476917323799,1011.73020376717,0.0358065637321367,8.99999904632568e-06,6.97312836167398e-05,0.0016035,5.60000000000002,42.8,0.416666666666667
7.98181768566138e-05,0.00165624115421718,0.585912526218794,1007.14251377898,0.0352629460053578,8.99999904632568e-06,6.97274271836569e-05,0.0016035,3.60000000000002,42.8,0.416666666666667
7.98142681894795e-05,0.00165624108845041,0.583819698391727,1002.65311159132,0.0332704197763584,8.99999904632568e-06,6.97162385193788e-05,0.00160368309154577,3.19999999999999,42.8,0.416666666666667
7.98030263029453e-05,0.00165642410998789,0.571900364626738,980.966029232113,0.0297797928852754,8.99999904632568e-06,6.9704669220148e-05,0.00160387568784392,3,42.8,0.416666666666667
7.97913039288828e-05,0.00165662218552855,0.566814551893365,976.569788210692,0.0398854418507672,8.99999904632568e-06,6.96903653593018e-05,0.00160384067033517,3.80000000000001,42.8,0.416666666666667
7.977684045066e-05,0.00165659310566854,0.585760475201813,1003.57552274633,0.0288912094479416,8.99999904632568e-06,6.96710831939765e-05,0.00160339127897282,4.39999999999998,42.8,0.416666666666667
7.97573613437904e-05,0.00165614256115115,0.56709069537644,973.114768865617,0.0317068859314591,8.99999904632568e-06,6.96518010286512e-05,0.00160294188761047,4.80000000000001,42.8,0.416666666666667
7.97378139417544e-05,0.00165567886156107,0.588272593494799,1010.18133080733,0.0355885812284185,8.99999904632568e-06,6.96310564238389e-05,0.00160268726029682,3.80000000000001,42.8,0.416666666666667
7.97168031702923e-05,0.00165540951694835,0.5764467199605,989.359396975423,0.0339277065887748,8.99999904632568e-06,6.96098460420668e-05,0.00160249466399867,3.80000000000001,42.8,0.416666666666667
7.96953066959417e-05,0.00165520820403813,0.58170454112867,998.24099642712,0.0346405523801476,8.99999904632568e-06,6.9585818460864e-05,0.00160234375521094,5,42.8,0.444444444444443
7.96709864086007e-05,0.0016550506795705,0.566417890890847,973.362235747202,0.0375439168189117,8.99999904632568e-06,6.95472541305993e-05,0.00160240795397699,4.19999999999999,42.8,0.416666666666667
7.96320909218277e-05,0.00165510957124865,0.569712323601973,975.417303695894,0.0303526281546758,8.99999904632568e-06,6.95086898003346e-05,0.00160247215274304,5,42.8,0.416666666666667
7.95929969722616e-05,0.00165517491963216,0.570507216009517,979.612839592727,0.0380306379000223,8.99999904632568e-06,6.94701254702378e-05,0.0016025,3.19999999999999,42.8,0.416666666666667
7.95539003205005e-05,0.00165520411325085,0.578804198409225,991.824894037685,0.0349827747551421,8.99999904632568e-06,6.94315611402699e-05,0.0016025,4.39999999999998,42.8,0.416666666666667
7.95148036320738e-05,0.00165520433855772,0.586908729334519,1004.42993028639,0.0336378696541023,8.99999904632568e-06,6.93929968103019e-05,0.0016025,2.80000000000001,42.8,0.416666666666667
7.94757069431478e-05,0.0016552036656779,0.602842314860333,1034.01094101589,0.0399075382540345,8.99999904632568e-06,6.94161629541999e-05,0.00160306053026513,3.39999999999998,42.8,0.416666666666667
7.94983407280811e-05,0.0016557634952142,0.580171662959417,993.209056701369,0.0325802868772008,8.99999904632568e-06,6.94412297686453e-05,0.00160363831915958,4.60000000000002,42.8,0.416666666666667
7.95237157348223e-05,0.00165635903566498,0.587298626107399,1005.04889124822,0.0317763401205754,8.99999904632568e-06,6.94605269586795e-05,0.001604,4.39999999999998,42.8,0.416666666666667
7.95433584429218e-05,0.0016567396229757,0.594008756644192,1021.64383719063,0.0442073765958768,8.99999904632568e-06,6.94701680411919e-05,0.001604,4.80000000000001,42.8,0.416666666666667
7.95532669898164e-05,0.00165675176496831,0.586193928521918,1002.90289244394,0.0305772948782448,8.99999904632568e-06,6.94798091237043e-05,0.001604,3.60000000000002,42.8,0.416666666666667
7.95630429917788e-05,0.00165675231374375,0.588922673076884,1009.42792495254,0.0350619433340365,8.99999904632568e-06,6.94849501996558e-05,0.00160449941637485,3,42.8,0.416666666666667
7.9568317182386e-05,0.00165725191713207,0.571570724249811,978.0136668847,0.0296098031056754,8.99999904632568e-06,6.9488806632666e-05,0.00160514140403535,3.60000000000002,42.8,0.416666666666667
7.95722454312642e-05,0.00165790948711633,0.594305151126491,1018.30539177959,0.0345368662229793,8.99999904632568e-06,6.94909101415808e-05,0.00160547990661998,3.60000000000002,42.8,0.444444444444443
7.95744024290694e-05,0.00165826844650237,0.586880513267603,1003.61722399075,0.0293919360549309,8.99999904632568e-06,6.94851254920667e-05,0.00160445272636318,3.60000000000002,42.8,0.416666666666667
7.95686471502552e-05,0.00165725243358182,0.579576130092238,990.821830989656,0.0283094591940647,8.99999904632568e-06,6.94793408425526e-05,0.00160342554610639,4.80000000000001,42.8,0.416666666666667
7.9562784134149e-05,0.00165619365093823,0.571429175726216,980.507104469653,0.0362989786045285,8.99999904632568e-06,6.9478073728849e-05,0.0016027367850592,4,42.8,0.416666666666667
7.95614371868516e-05,0.00165547195952075,0.581921288853045,996.485720966332,0.0323756192829331,8.99999904632568e-06,6.9480001945353e-05,0.00160228739369685,4.60000000000002,42.8,0.416666666666667
7.95633470626856e-05,0.00165500016810698,0.578947094879389,992.308512605444,0.034259493200689,8.99999904632568e-06,6.9481930161857e-05,0.0016018380023345,4.39999999999998,42.8,0.416666666666667
7.95653012849601e-05,0.00165453618167991,0.575151614325554,985.987811873448,0.0349722754009599,8.99999904632568e-06,6.94590519982948e-05,0.00160138861097215,3,42.8,0.416666666666667
7.95424497310105e-05,0.00165407243802396,0.587471747550291,1004.68946291035,0.0308773090281098,8.99999904632568e-06,6.94359134002962e-05,0.00160093921960981,3.39999999999998,42.8,0.416666666666667
7.95189999754705e-05,0.00165360827053923,0.562957074253488,967.802040160708,0.0414759520203731,8.99999904632568e-06,6.94127748023396e-05,0.00160107086876772,4,42.8,0.444444444444443
7.94955420745774e-05,0.00165372512003127,0.576330034436534,986.250292599067,0.0327063238295432,8.99999904632568e-06,6.93896362044478e-05,0.00160209804902451,4.39999999999998,42.8,0.416666666666667
7.9472084062838e-05,0.00165475551538409,0.593114236581783,1014.30991662856,0.0330909675806158,8.99999904632568e-06,6.9366497606556e-05,0.00160312522928131,3.39999999999998,42.8,0.416666666666667
7.94486260495894e-05,0.00165581423596682,0.573304834954678,980.190658454975,0.0315729900786497,8.99999904632568e-06,6.93433590087494e-05,0.00160317975654494,4.39999999999998,42.8,0.416666666666667
7.94251680364053e-05,0.00165590118180312,0.581084085740678,996.20685539832,0.0391786286255422,8.99999904632568e-06,6.93202204109643e-05,0.00160298716024679,4.19999999999999,42.8,0.416666666666667
7.94017100232438e-05,0.0016557108734119,0.584637508387864,998.047240192434,0.0299517721476863,8.99999904632568e-06,6.93001869929734e-05,0.00160275579456395,4.39999999999998,42.8,0.416666666666667
7.93813571898766e-05,0.00165547319914335,0.571201068782456,976.847421399221,0.0333060552694931,8.99999904632568e-06,6.92924741270688e-05,0.00160237060196765,4.80000000000001,42.8,0.416666666666667
7.93733671901891e-05,0.00165508028334085,0.595767409413594,1016.78880771908,0.0305711704732613,8.99999904632568e-06,6.92847612611642e-05,0.00160198540937135,4.80000000000001,42.8,0.416666666666667
7.93655455286785e-05,0.00165468276912995,0.579036922128894,989.841349504887,0.0330309327401768,8.99999904632568e-06,6.92898848078055e-05,0.00160222186093047,4.80000000000001,42.8,0.416666666666667
7.9370562571886e-05,0.00165490675942437,0.574121201781049,982.340730711391,0.0344326663897413,8.99999904632568e-06,6.93033823231464e-05,0.00160286384859096,4,42.8,0.416666666666667
7.93841284016545e-05,0.00165555577932905,0.584377119258874,995.892640385423,0.0254145746482386,8.99999904632568e-06,6.93168798384876e-05,0.0016035,4.60000000000002,42.8,0.416666666666667
7.93978106357351e-05,0.00165621229002851,0.575434219320708,987.316176997493,0.0402643295828974,8.99999904632568e-06,6.93303773538648e-05,0.0016035,3.80000000000001,42.8,0.416666666666667
7.94114944548677e-05,0.00165623288360131,0.574778011082987,983.229421266831,0.0328962812210181,8.99999904632568e-06,6.9343874869242e-05,0.0016035,3.80000000000001,42.8,0.416666666666667
7.94251782955831e-05,0.00165623376007436,0.572697582719105,979.68917291075,0.0323148559761699,8.99999904632568e-06,6.93621503548519e-05,0.00160342046023012,4,42.8,0.416666666666667
7.94436401068251e-05,0.00165615448543321,0.596288730042636,1017.38559027693,0.0271395985973445,8.99999904632568e-06,6.93872171692202e-05,0.00160322786393197,3.80000000000001,42.8,0.416666666666667
7.94689583059268e-05,0.00165595975219911,0.577746878468968,989.940515954282,0.0352196794529847,8.99999904632568e-06,6.94122839835885e-05,0.00160303526763382,3.80000000000001,42.8,0.416666666666667
7.94943698648408e-05,0.00165576155830558,0.574349375989517,986.627199192742,0.0403046353425166,8.99999904632568e-06,6.94326254155377e-05,0.00160279022844756,3.60000000000002,42.8,0.416666666666667
7.9515057312567e-05,0.00165551081584684,0.604215410056268,1037.64924879462,0.0421427005984207,8.99999904632568e-06,6.94519075805217e-05,0.00160253343338336,4.39999999999998,42.8,0.416666666666667
7.95346211676009e-05,0.00165524660605001,0.57925243480418,990.63223799951,0.0295038369649449,8.99999904632568e-06,6.94656555137358e-05,0.0016025175921294,3.19999999999999,42.8,0.416666666666667
7.95486354914967e-05,0.00165522291295913,0.588062982298016,1006.73381075298,0.0327494434388346,8.99999904632568e-06,6.94598708642328e-05,0.00160335217608804,3,42.8,0.416666666666667
7.95430416676408e-05,0.00165605700599409,0.573617759994581,979.928099854185,0.0268855447685688,8.99999904632568e-06,6.94540862147298e-05,0.00160418676004669,4.19999999999999,42.8,0.416666666666667
7.95371808499926e-05,0.00165691735441222,0.587214778418144,1006.6911646103,0.0363322356234533,8.99999904632568e-06,6.9448301565231e-05,0.00160401875937969,3.80000000000001,42.8,0.416666666666667
7.95313163968352e-05,0.00165677592763136,0.583158454473246,997.890367592992,0.0317561862574888,8.99999904632568e-06,6.94425169157347e-05,0.00160324837418709,4.39999999999998,42.8,0.416666666666667
7.95254518941775e-05,0.00165600105540751,0.599181079266204,1023.46288326223,0.0287489848808252,8.99999904632568e-06,6.94365669905391e-05,0.00160250366850092,3.80000000000001,42.8,0.416666666666667
7.95194221151464e-05,0.00165523222219848,0.591114686775792,1010.41665002553,0.0302410648538546,8.99999904632568e-06,6.94249976915665e-05,0.00160263206603302,3,42.8,0.444444444444443
7.95077707118573e-05,0.00165533667657824,0.597579347507137,1022.67330234666,0.0339343403260317,8.99999904632568e-06,6.94134283925939e-05,0.00160276046356512,2.80000000000001,42.8,0.416666666666667
7.94960427618796e-05,0.00165546811019305,0.580508884036839,993.717201485037,0.0334410443972971,8.99999904632568e-06,6.940269298466e-05,0.00160255569451392,3,42.8,0.416666666666667
7.94851476606448e-05,0.00165526721240658,0.573222672211954,984.975852009536,0.0418662552169949,8.99999904632568e-06,6.93930519022032e-05,0.00160191370685343,4,42.8,0.416666666666667
7.94753582253486e-05,0.00165461880628832,0.575861944586556,985.066942285906,0.031927418942575,8.99999904632568e-06,6.93834108197464e-05,0.00160127171919293,4.19999999999999,42.8,0.416666666666667
7.94655838453215e-05,0.00165395654403735,0.586338262534884,1002.90582343786,0.0331339515005885,8.99999904632568e-06,6.9360868216111e-05,0.00160116666666667,4,42.8,0.416666666666667
7.94429081491154e-05,0.00165383078756177,0.57365026413402,982.836294950593,0.0366292187125451,8.99999904632568e-06,6.93358014018101e-05,0.00160116666666667,4.19999999999999,42.8,0.416666666666667
7.94175325718351e-05,0.00165382649406464,0.582372314686597,995.233797890815,0.0320417493135921,8.99999904632568e-06,6.93098080419631e-05,0.00160121293980324,3.19999999999999,42.8,0.416666666666667
7.93911936861541e-05,0.00165387219281328,0.58964964967626,1008.17190370195,0.0345731087571928,8.99999904632568e-06,6.92808847948486e-05,0.00160140553610138,4,42.8,0.416666666666667
7.93619117963437e-05,0.00165406574802241,0.591838139279514,1009.23799441956,0.0291279631354732,8.99999904632568e-06,6.92519615477341e-05,0.00160159813239953,4.39999999999998,42.8,0.416666666666667
7.93325898332005e-05,0.00165426383646435,0.597993893939763,1020.80115841047,0.032554394660621,8.99999904632568e-06,6.92367010916556e-05,0.00160241103885276,3.39999999999998,42.8,0.416666666666667
7.93169301154358e-05,0.00165508237492109,0.587699719810533,1002.24888825513,0.0296058572333025,8.99999904632568e-06,6.92289882257866e-05,0.00160356661664165,3.39999999999998,42.8,0.416666666666667
7.93090040194604e-05,0.00165626305984787,0.58901377216365,1005.67827557573,0.0326518710141628,8.99999904632568e-06,6.92247962331214e-05,0.0016046203935301,3.39999999999998,42.8,0.416666666666667
7.93047041013324e-05,0.0016573533070024,0.590204419597104,1006.87176840972,0.0289954055792735,8.99999904632568e-06,6.92903555933863e-05,0.00160365741203935,5.39999999999998,42.8,0.416666666666667
7.9370204911883e-05,0.00165642405473795,0.588748883767741,1006.75158810039,0.032798130912018,8.99999904632568e-06,6.93559149536511e-05,0.00160269443054861,3.80000000000001,42.8,0.416666666666667
7.94366561620919e-05,0.00165543340004149,0.586083731540465,1000.69847760236,0.0278495822591742,8.99999904632568e-06,6.94005594256425e-05,0.0016023987827247,3.80000000000001,42.8,0.416666666666667
7.94822054656621e-05,0.00165510819170707,0.585161813726584,1002.64610353295,0.0356525438118682,8.99999904632568e-06,6.94198415905894e-05,0.00160291237285309,3.39999999999998,42.8,0.416666666666667
7.95021078514195e-05,0.00165561249055913,0.588487845451863,1008.56364590985,0.035950962156928,8.99999904632568e-06,6.94391237555363e-05,0.00160342596298149,4.80000000000001,42.8,0.416666666666667
7.95216610166422e-05,0.00165614206297264,0.577255788849631,986.658629103262,0.0284825180390714,8.99999904632568e-06,6.94485044035919e-05,0.0016035,3.60000000000002,42.8,0.416666666666667
7.95313079098219e-05,0.00165623285983085,0.586158753555461,1004.48470923441,0.0350934460609514,8.99999904632568e-06,6.94562172695914e-05,0.0016035,2.60000000000002,42.8,0.416666666666667
7.9539152132471e-05,0.00165623584281434,0.563728118373194,967.073379848105,0.0354102263202956,8.99999904632568e-06,6.94674359837884e-05,0.00160351667500417,3,42.8,0.416666666666667
7.9550477657305e-05,0.0016562527467142,0.594280684372016,1018.84322061961,0.035978185344058,8.99999904632568e-06,6.94886463653484e-05,0.00160358087377022,3.19999999999999,42.8,0.416666666666667
7.95718422525552e-05,0.00165631766654281,0.576228580439393,985.669521754456,0.0286524640429066,8.99999904632568e-06,6.95098567469083e-05,0.00160364507253627,3.60000000000002,42.8,0.416666666666667
7.95933435445252e-05,0.00165638424971713,0.580024575344468,993.992302431199,0.033089529112977,8.99999904632568e-06,6.9515711513386e-05,0.00160345364348841,3.39999999999998,42.8,0.444444444444443
7.95994910827401e-05,0.001656195259028,0.568368789881372,976.227646255346,0.0374161389512197,8.99999904632568e-06,6.95137832968768e-05,0.00160313264965816,3.60000000000002,42.8,0.416666666666667
7.95976465740121e-05,0.00165586851228948,0.581470894837207,1000.49928828611,0.0427699867934954,8.99999904632568e-06,6.9512636383681e-05,0.00160283333333333,4.60000000000002,42.8,0.416666666666667
7.95964745451151e-05,0.0016555590328417,0.581385724043887,997.475414672157,0.0357441026070356,8.99999904632568e-06,6.95222774662342e-05,0.00160283333333333,3.60000000000002,42.8,0.416666666666667
7.96060996687698e-05,0.0016555494167991,0.556486650477412,951.391971056712,0.0256467419807391,8.99999904632568e-06,6.95319185487874e-05,0.00160283333333333,3.60000000000002,42.8,0.416666666666667
7.96158718115484e-05,0.00165554928602044,0.568989621494192,975.574965067502,0.0329317830901071,8.99999904632568e-06,6.95342875004994e-05,0.0016028635984659,2.60000000000002,42.8,0.416666666666667
7.96183738253676e-05,0.00165557971702923,0.584642562645418,1003.95665990664,0.0379727284412727,8.99999904632568e-06,6.95285028509652e-05,0.00160292779723195,4.19999999999999,42.8,0.416666666666667
7.96126232444343e-05,0.00165564490284181,0.586322893134325,1006.66496254131,0.0378596891057284,8.99999904632568e-06,6.95227182014311e-05,0.001602991995998,4.19999999999999,42.8,0.416666666666667
7.96067602922766e-05,0.00165571102274814,0.558176753803558,955.79774707661,0.0299120282698622,8.99999904632568e-06,6.95068066589813e-05,0.001603,4.39999999999998,42.8,0.416666666666667
7.95907689171038e-05,0.0016557209748987,0.581785705712183,996.494580586374,0.0326902638561138,8.99999904632568e-06,6.9489452710419e-05,0.001603,4,42.8,0.416666666666667
7.95731972224313e-05,0.00165572100539374,0.580621781054663,997.416355395333,0.0397412444937422,8.99999904632568e-06,6.94790979373569e-05,0.00160255185926296,4.39999999999998,42.8,0.416666666666667
7.95626031848831e-05,0.00165527256004205,0.581635375044707,995.676622654694,0.0314200432915792,8.99999904632568e-06,6.94868108033772e-05,0.00160094689011172,5.80000000000001,42.8,0.416666666666667
7.95701717974892e-05,0.0016536535022549,0.587117582306711,1006.60023973203,0.0352885825566353,8.99999904632568e-06,6.94945236693975e-05,0.00159934192096048,3.19999999999999,42.8,0.416666666666667
7.95779877213101e-05,0.00165199846451439,0.57152061512177,980.192007487848,0.0342887560744187,8.99999904632568e-06,6.95140913107141e-05,0.00159883333333333,3.80000000000001,42.8,0.416666666666667
7.95976617879335e-05,0.00165143869701086,0.58203721300578,996.212710854831,0.0297294378249532,8.99999904632568e-06,6.95391581253621e-05,0.00159883333333333,4,42.8,0.416666666666667
7.96229964939561e-05,0.00165142168308355,0.58944269962363,1010.05979779538,0.0323538706182436,8.99999904632568e-06,6.95657349589393e-05,0.00159894505586126,3.60000000000002,42.8,0.416666666666667
7.96499182968451e-05,0.00165153331863467,0.581424464920007,999.107426446142,0.0372141410441443,8.99999904632568e-06,6.96081557224754e-05,0.00160022903118226,4.39999999999998,42.8,0.416666666666667
7.96927056403528e-05,0.00165282122345906,0.580846616785432,995.900219317181,0.0308431526165428,8.99999904632568e-06,6.96505764860115e-05,0.00160151300650325,4.39999999999998,42.8,0.416666666666667
7.9735709016548e-05,0.00165414587535948,0.576058424894989,988.274497006154,0.0308341077275497,8.99999904632568e-06,6.96911040916585e-05,0.00160254485576121,4,42.8,0.416666666666667
7.97768221764571e-05,0.00165521954432649,0.588664526114845,1013.15705269623,0.0384761041887656,8.99999904632568e-06,6.97296684224577e-05,0.00160331524095381,4.39999999999998,42.8,0.416666666666667
7.98159463234414e-05,0.0016560239344287,0.584513738611468,1003.60610172887,0.0314052381010105,8.99999904632568e-06,6.97682327532568e-05,0.00160408562614641,4.60000000000002,42.8,0.416666666666667
7.98550433870872e-05,0.00165681994073325,0.60061574617337,1032.16024997246,0.0344059528116837,8.99999904632568e-06,6.97843671678221e-05,0.00160399433049858,3.80000000000001,42.8,0.416666666666667
7.98717101657197e-05,0.00165675400577995,0.594857076261615,1021.53515386246,0.0318193107932204,8.99999904632568e-06,6.9797864683672e-05,0.00160380173420043,3.60000000000002,42.8,0.416666666666667
7.98854346242919e-05,0.00165655965493929,0.577674905238151,991.094305180743,0.0280488586435622,8.99999904632568e-06,6.98084823955856e-05,0.0016035707853927,4,42.8,0.416666666666667
7.98962392149094e-05,0.00165632291878508,0.580671352651375,997.822849517919,0.0318992447137813,8.99999904632568e-06,6.98123388286922e-05,0.00160324979156245,3.19999999999999,42.8,0.416666666666667
7.99002427684203e-05,0.00165599477264269,0.566374703843566,972.667280306086,0.0293750892426093,8.99999904632568e-06,6.98161952617989e-05,0.0016029287977322,5,42.8,0.416666666666667
7.99041537158006e-05,0.00165566367399378,0.579410654002796,995.028403145258,0.0301592052163283,8.99999904632568e-06,6.98186969349643e-05,0.00160274312156078,3.39999999999998,42.8,0.416666666666667
7.9906708642271e-05,0.00165546779984847,0.592142976201552,1017.78521266352,0.0331698020615373,8.99999904632568e-06,6.98206251515187e-05,0.00160261472402868,3.80000000000001,42.8,0.444444444444443
7.99086716479099e-05,0.0016553333735078,0.575283780724513,988.729811741589,0.0316898677731632,8.99999904632568e-06,6.98198839150303e-05,0.00160241795897949,3.39999999999998,42.8,0.416666666666667
7.99079571406325e-05,0.00165513247459605,0.579221635852291,994.984268538085,0.0313719444921333,8.99999904632568e-06,6.97967453164261e-05,0.00160164757378689,3.80000000000001,42.8,0.416666666666667
7.988480881296e-05,0.00165435584794461,0.58465068742073,1004.93292076314,0.033856894792759,8.99999904632568e-06,6.97736067178218e-05,0.0016008771885943,3.60000000000002,42.8,0.416666666666667
7.98613550158033e-05,0.00165356098027739,0.573195457756943,984.286500908994,0.0309409670299867,8.99999904632568e-06,6.97642461029281e-05,0.0016005,4.19999999999999,42.8,0.416666666666667
7.98516750429405e-05,0.00165315873831903,0.569269016460784,977.746818093657,0.031037071789712,8.99999904632568e-06,6.97681025360214e-05,0.0016005,3.80000000000001,42.8,0.416666666666667
7.98553996689556e-05,0.00165314609815187,0.587481995974085,1010.47446074504,0.0357288252567483,8.99999904632568e-06,6.97719589691147e-05,0.0016005,4.19999999999999,42.8,0.416666666666667
7.98593068183143e-05,0.00165314577100201,0.565943513933374,973.244170283597,0.0342655610024577,8.99999904632568e-06,6.97423195262843e-05,0.00160120435217609,4.39999999999998,42.8,0.416666666666667
7.98297205770732e-05,0.0016538501809773,0.584114886782987,1001.57154777255,0.0297079391547639,8.99999904632568e-06,6.97095398450861e-05,0.00160197473736868,3.60000000000002,42.8,0.416666666666667
7.97965380356536e-05,0.0016546418924884,0.606786578209581,1041.16352011511,0.033716457456851,8.99999904632568e-06,6.96890306327807e-05,0.0016025,3.60000000000002,42.8,0.416666666666667
7.97755769942065e-05,0.001655191125756,0.579554595779254,994.226790677597,0.0308869811482265,8.99999904632568e-06,6.96948152823883e-05,0.0016025,3.80000000000001,42.8,0.416666666666667
7.9781076228383e-05,0.00165520779068112,0.590978913801643,1013.7478818406,0.0314122226294495,8.99999904632568e-06,6.9700599931996e-05,0.0016025,3.39999999999998,42.8,0.416666666666667
7.9786935758158e-05,0.00165520840301872,0.594692004432098,1020.05878988665,0.0309959883656791,8.99999904632568e-06,6.97217001301523e-05,0.00160259271302318,3,42.8,0.416666666666667
7.98081157424367e-05,0.00165530123692128,0.580269852480596,997.057253636253,0.0333317339865847,8.99999904632568e-06,6.97486951617429e-05,0.00160272111055528,3.39999999999998,42.8,0.416666666666667
7.98353991706873e-05,0.00165543288114994,0.59846797182523,1028.00163788825,0.0332926766315846,8.99999904632568e-06,6.97773905297732e-05,0.00160269584792396,4.19999999999999,42.8,0.416666666666667
7.98644660427508e-05,0.00165541217469575,0.587829520110444,1011.36976791618,0.0352577218878285,8.99999904632568e-06,6.9817883077432e-05,0.00160160446890112,4,42.8,0.416666666666667
7.99053543786553e-05,0.00165432065910621,0.571467997777815,984.374204514103,0.0355887623316724,8.99999904632568e-06,6.98583756250908e-05,0.00160051308987827,3.80000000000001,42.8,0.416666666666667
7.99464036811895e-05,0.00165319614777668,0.580911995618496,1001.26332310947,0.0371222828285136,8.99999904632568e-06,6.98866077205246e-05,0.00160047623811906,4,42.8,0.416666666666667
7.99751947232963e-05,0.00165312514345014,0.58265883742575,1001.76414292211,0.030917431021721,8.99999904632568e-06,6.99039616696215e-05,0.00160137502084376,3.80000000000001,42.8,0.416666666666667
7.9992940704808e-05,0.00165402222528523,0.584880209060695,1007.13116371799,0.0342857536822513,8.99999904632568e-06,6.99213156187184e-05,0.00160227380356845,4,42.8,0.416666666666667
8.00105362915629e-05,0.00165494913135218,0.585102999405838,1005.22370618197,0.0287650180254911,8.99999904632568e-06,6.99260660431758e-05,0.00160191370685343,3.60000000000002,42.8,0.416666666666667
8.00155263058323e-05,0.00165461808008869,0.595446973188546,1023.11345025689,0.0296802004848292,8.99999904632568e-06,6.99299224763166e-05,0.00160146431549108,4,42.8,0.416666666666667
8.0019450685362e-05,0.00165415851098594,0.591985125860592,1018.69737396417,0.0330716882710573,8.99999904632568e-06,6.99298723927703e-05,0.00160116666666667,3.60000000000002,42.8,0.416666666666667
8.00194540380192e-05,0.00165384668109039,0.581437920091344,999.720340229135,0.030487415013795,8.99999904632568e-06,6.99221595264916e-05,0.00160116666666667,4,42.8,0.416666666666667
8.00117412173919e-05,0.00165383701260936,0.601705554082245,1033.49543411414,0.0296752421864981,8.99999904632568e-06,6.9914446660213e-05,0.00160116666666667,3.60000000000002,42.8,0.416666666666667
8.00039233297082e-05,0.00165383657870938,0.562144705037709,971.705600707866,0.0414210454373428,8.99999904632568e-06,6.99095935644864e-05,0.00160116666666667,4.19999999999999,42.8,0.416666666666667
7.99989637819339e-05,0.00165383642930805,0.591094908027912,1016.77140314601,0.0327028836946926,8.99999904632568e-06,6.99057371313515e-05,0.00160116666666667,4,42.8,0.416666666666667
7.99950398172563e-05,0.00165383633843247,0.550523980626667,947.771054581877,0.0316950235230893,8.99999904632568e-06,6.99007588267618e-05,0.00160116666666667,4,42.8,0.416666666666667
7.9990008082112e-05,0.00165383626737964,0.582817982152467,1004.01609569238,0.035973769570056,8.99999904632568e-06,6.9889189527375e-05,0.00160116666666667,3.60000000000002,42.8,0.416666666666667
7.99783702682452e-05,0.00165383617767803,0.572258481823261,982.780981690723,0.0282453702390926,8.99999904632568e-06,6.98776202279882e-05,0.00160116666666667,5,42.8,0.416666666666667
7.99666425028933e-05,0.00165383597252285,0.579000992620415,998.23822585142,0.0383000394894843,8.99999904632568e-06,6.98586360594994e-05,0.00160074345506086,3.60000000000002,42.8,0.416666666666667
7.99474986436175e-05,0.00165341255061794,0.59417787682613,1023.56350046726,0.0384079486275606,8.99999904632568e-06,6.98335692442531e-05,0.00159997306986827,3.80000000000001,42.8,0.416666666666667
7.992217115655e-05,0.00165262870398598,0.588360452066123,1011.15919347387,0.0328885431713272,8.99999904632568e-06,6.98085024290068e-05,0.00159920268467567,3.80000000000001,42.8,0.416666666666667
7.98967594702886e-05,0.00165183357456325,0.603070250491707,1035.70973044068,0.0324383112922711,8.99999904632568e-06,6.98054924078403e-05,0.00159873828580957,4.39999999999998,42.8,0.416666666666667
7.98934034316111e-05,0.00165134408017074,0.591760399875096,1018.18180869249,0.0360923152195158,8.99999904632568e-06,6.98035641912881e-05,0.00159828889444722,4.39999999999998,42.8,0.444444444444443
7.98914295176526e-05,0.00165087945327765,0.598182214725917,1028.71927288137,0.0351487112142615,8.99999904632568e-06,6.98147203013808e-05,0.00159767900616975,3.39999999999998,42.8,0.416666666666667
7.99025587500014e-05,0.00165025512454071,0.576652249987842,990.334888290942,0.0292790000097243,8.99999904632568e-06,6.98494281994342e-05,0.00159678022344506,4.60000000000002,42.8,0.416666666666667
7.9937418188934e-05,0.00164933717752616,0.596837291767754,1027.0463545383,0.0346942336571677,8.99999904632568e-06,6.98841360974876e-05,0.00159588144072036,4.60000000000002,42.8,0.416666666666667
7.99726007495568e-05,0.00164841053929095,0.57220438072629,985.360131133418,0.0335003493575639,8.99999904632568e-06,6.99173765477828e-05,0.00159537352009338,3.39999999999998,42.8,0.416666666666667
8.00063202621989e-05,0.00164787449929397,0.570041131688829,983.712891201928,0.0373526213025985,8.99999904632568e-06,6.99501562294987e-05,0.00159498832749708,4.19999999999999,42.8,0.416666666666667
8.003955908471e-05,0.00164747327270204,0.598099120188858,1029.26908946861,0.0323198880381964,8.99999904632568e-06,6.99810277280809e-05,0.00159466666666667,4.19999999999999,42.8,0.416666666666667
8.00708831787838e-05,0.00164713974951629,0.590300161635123,1016.08688544862,0.0317119606235195,8.99999904632568e-06,7.00022381104821e-05,0.00159466666666667,4.19999999999999,42.8,0.416666666666667
8.00925200848306e-05,0.00164712995306422,0.576453950816947,993.532893327098,0.0331360624488167,8.99999904632568e-06,7.00234484928832e-05,0.00159466666666667,2.80000000000001,42.8,0.416666666666667
8.01140250855542e-05,0.00164713002556879,0.577741255970003,995.233606740277,0.0313391967140764,8.99999904632568e-06,7.0050143023836e-05,0.00159422844755711,3.60000000000002,42.8,0.416666666666667
8.01410124387443e-05,0.00164669218266509,0.581271710489915,1003.89790370451,0.0368724858498136,8.99999904632568e-06,7.00809944893074e-05,0.00159345806236452,4,42.8,0.416666666666667
8.01722313767512e-05,0.00164590869108972,0.563471353725868,972.176181526218,0.032335228651229,8.99999904632568e-06,7.01118459547788e-05,0.00159268767717192,3,42.8,0.416666666666667
8.02035079340136e-05,0.00164511455598086,0.604935524664529,1043.55129308802,0.0352616348889185,8.99999904632568e-06,7.01145629872554e-05,0.00159266666666667,4.39999999999998,42.8,0.416666666666667
8.02066508428522e-05,0.0016450694665499,0.572748055127933,989.482378713513,0.0359537327666885,8.99999904632568e-06,7.01164912038537e-05,0.00159266666666667,2.60000000000002,42.8,0.416666666666667
8.02086218547802e-05,0.00164506812316856,0.596361542885534,1027.45664221731,0.031250717655542,8.99999904632568e-06,7.01205980547931e-05,0.00159256995164249,3.80000000000001,42.8,0.416666666666667
8.02127555439481e-05,0.00164497140076635,0.57356905214718,988.637222573785,0.0304372743768537,8.99999904632568e-06,7.01283109211937e-05,0.00159231315657829,4.19999999999999,42.8,0.416666666666667
8.02205246966109e-05,0.0016447116786276,0.570923405573371,987.809128043415,0.0387473906342993,8.99999904632568e-06,7.01360237875942e-05,0.00159205636151409,3.39999999999998,42.8,0.416666666666667
8.02283433514601e-05,0.00164444696576786,0.565734855999382,976.500404332803,0.0329104503585538,8.99999904632568e-06,7.01347065902792e-05,0.00159300216775054,4.19999999999999,42.8,0.416666666666667
8.02271326166389e-05,0.00164538470032822,0.573298906619902,989.205905679087,0.0327724970239188,8.99999904632568e-06,7.01308501570774e-05,0.00159428614307154,4.39999999999998,42.8,0.416666666666667
8.02232596975005e-05,0.00164669772981745,0.581549702156731,1002.67366832321,0.0317483358025697,8.99999904632568e-06,7.01255713511136e-05,0.00159519126229782,2.80000000000001,42.8,0.416666666666667
8.02179281560422e-05,0.0016476434932426,0.581744713967785,1003.06047251702,0.0321804799040498,8.99999904632568e-06,7.01140020515262e-05,0.00159442087710522,4.80000000000001,42.8,0.416666666666667
8.02062862596705e-05,0.00164690233950161,0.590229597436133,1017.06978629255,0.0316826281895919,8.99999904632568e-06,7.01024327519387e-05,0.00159365049191262,3.19999999999999,42.8,0.416666666666667
8.01945584385286e-05,0.00164610877179005,0.586723167609382,1010.77111136594,0.0311989603709065,8.99999904632568e-06,7.00874602752944e-05,0.00159344663998666,4.60000000000002,42.8,0.416666666666667
8.01794262703377e-05,0.0016458801107132,0.57027783151955,982.428132898997,0.0304130669096545,8.99999904632568e-06,7.00701063259634e-05,0.00159363923628481,4.60000000000002,42.8,0.416666666666667
8.01618662742642e-05,0.0016460653540504,0.58497440196236,1009.77466671196,0.036717620964099,8.99999904632568e-06,7.00527523766324e-05,0.00159383183258296,4.39999999999998,42.8,0.416666666666667
8.01442732197408e-05,0.00164626338861201,0.600404091448225,1032.07749515867,0.0278994876826893,8.99999904632568e-06,7.00487907680053e-05,0.00159383333333333,4.19999999999999,42.8,0.416666666666667
8.01400720557818e-05,0.00164627072365328,0.588976825697965,1014.40370687106,0.0318958093870766,8.99999904632568e-06,7.00449343348288e-05,0.00159383333333333,4.60000000000002,42.8,0.416666666666667
8.01361584175744e-05,0.00164627087802673,0.581367756240593,1000.02455785057,0.0277023526890939,8.99999904632568e-06,7.00685737695254e-05,0.00159375704518926,3.60000000000002,42.8,0.416666666666667
8.01597445623265e-05,0.00164619452661354,0.564737527303324,975.249458557079,0.0339418223923333,8.99999904632568e-06,7.01341331339302e-05,0.00159356444889111,5.39999999999998,42.8,0.416666666666667
8.02256250868076e-05,0.00164599997312529,0.589424688400355,1016.8254109313,0.0317678347777856,8.99999904632568e-06,7.01996924983349e-05,0.00159337185259296,4.39999999999998,42.8,0.416666666666667
8.02920815115204e-05,0.00164580249015702,0.565270125287971,978.247337104118,0.03635702185096,8.99999904632568e-06,7.02328578240391e-05,0.00159333333333333,3,42.8,0.416666666666667
8.0326151739262e-05,0.00164575900341089,0.604060803267731,1042.63789904409,0.0327044858735394,8.99999904632568e-06,7.02579246400681e-05,0.00159333333333333,4,42.8,0.416666666666667
8.03516824715884e-05,0.00164575824752778,0.569762117040103,983.087496822576,0.0286345313605867,8.99999904632568e-06,7.02837777678405e-05,0.0015932547940637,5,42.8,0.416666666666667
8.03778832378593e-05,0.00164568012878398,0.582520277454138,1007.17959723729,0.0336471276211684,8.99999904632568e-06,7.0312701017261e-05,0.0015928696014674,4.19999999999999,42.8,0.416666666666667
8.04071632492765e-05,0.0016452929696666,0.579664869201845,1002.8549181581,0.0341109941698396,8.99999904632568e-06,7.03416242666814e-05,0.0015924844088711,3.80000000000001,42.8,0.416666666666667
8.04364851891487e-05,0.00164489628204733,0.587986805009167,1019.06546383566,0.0386387267371766,8.99999904632568e-06,7.03576560106631e-05,0.00159233333333333,3.80000000000001,42.8,0.444444444444443
8.04529161944996e-05,0.00164473341677676,0.575351108055064,998.562358444999,0.0405349585862698,8.99999904632568e-06,7.03653688772035e-05,0.00159233333333333,3.60000000000002,42.8,0.416666666666667
8.04608527933621e-05,0.00164472865273104,0.587799555900573,1017.17817252282,0.0345539724122548,8.99999904632568e-06,7.03729690557587e-05,0.00159233483408371,4.19999999999999,42.8,0.416666666666667
8.04685610403924e-05,0.00164473014378053,0.566707570269605,981.884808208432,0.0357140183193232,8.99999904632568e-06,7.03710408391225e-05,0.00159246323161581,3.60000000000002,42.8,0.416666666666667
8.0466737782885e-05,0.00164485872158516,0.567461382419611,984.75280893535,0.039434296737149,8.99999904632568e-06,7.03691126224863e-05,0.00159259162914791,4,42.8,0.416666666666667
8.04647847399143e-05,0.00164499107407134,0.578086904272573,999.691785299728,0.0326055691694305,8.99999904632568e-06,7.03559656909128e-05,0.00159269334667334,3.39999999999998,42.8,0.416666666666667
8.04516112147861e-05,0.00164509686133103,0.5679894669008,982.245849736103,0.0325999819952617,8.99999904632568e-06,7.03270424414589e-05,0.00159275754543939,4.19999999999999,42.8,0.416666666666667
8.04225085883979e-05,0.00164516411103812,0.587957810320725,1017.78163620341,0.0372938913234621,8.99999904632568e-06,7.0298119192005e-05,0.00159282174420544,4.19999999999999,42.8,0.416666666666667
8.03931890638506e-05,0.0016452298888605,0.563152427550897,973.651219726033,0.032664059742249,8.99999904632568e-06,7.02881575741575e-05,0.00159235984658996,2.60000000000002,42.8,0.416666666666667
8.03828282175221e-05,0.00164476952089266,0.580865444326888,1003.08986848052,0.0314126412061233,8.99999904632568e-06,7.02823729242868e-05,0.00159178205769551,3.80000000000001,42.8,0.416666666666667
8.03769024894789e-05,0.00164417727774696,0.56956722014082,982.942468553,0.0293559066240174,8.99999904632568e-06,7.02722810892483e-05,0.00159140503585126,4.39999999999998,42.8,0.416666666666667
8.03667299669312e-05,0.00164378178987816,0.577397582924678,998.304006293721,0.0348632253958387,8.99999904632568e-06,7.02472142732193e-05,0.00159172602968151,2.80000000000001,42.8,0.416666666666667
8.03415246370351e-05,0.00164409034439218,0.585297549525102,1008.00765415673,0.0268579704570698,8.99999904632568e-06,7.02221474571903e-05,0.00159204702351176,2.80000000000001,42.8,0.416666666666667
8.03161146133407e-05,0.00164442046690181,0.573534315850174,991.045878375372,0.0345554446859645,8.99999904632568e-06,7.01934520881801e-05,0.00159216666666667,3.80000000000001,42.8,0.416666666666667
8.02870732494577e-05,0.00164454990390986,0.575759008974214,994.121329582987,0.0337241608352581,8.99999904632568e-06,7.01626006224708e-05,0.00159216666666667,5.19999999999999,42.8,0.416666666666667
8.02558263428342e-05,0.00164455341219931,0.591392658487736,1018.5933964658,0.0298298046497547,8.99999904632568e-06,7.01328309614029e-05,0.00159215065866266,3.60000000000002,42.8,0.416666666666667
8.02256312091414e-05,0.00164453696960956,0.593232558354216,1022.21885359849,0.0309468344928503,8.99999904632568e-06,7.01366873946061e-05,0.00159163706853427,4.19999999999999,42.8,0.416666666666667
8.02290764911562e-05,0.00164402234459184,0.565614613921608,976.428357750631,0.0330714548104634,8.99999904632568e-06,7.01405438278094e-05,0.00159112347840587,4.39999999999998,42.8,0.416666666666667
8.02329798369451e-05,0.00164349285800773,0.566810212647844,978.027814474669,0.0319234734784689,8.99999904632568e-06,7.014691695931e-05,0.00159083333333333,3.60000000000002,42.8,0.416666666666667
8.02394061182439e-05,0.00164318636364996,0.594743470869639,1024.76124040696,0.0303875989063909,8.99999904632568e-06,7.01565580423312e-05,0.00159083333333333,3.80000000000001,42.8,0.416666666666667
8.02491347045435e-05,0.00164317697229211,0.582913761409133,1005.3456367117,0.0315549939537897,8.99999904632568e-06,7.01661991253523e-05,0.00159083333333333,3.19999999999999,42.8,0.416666666666667
8.02589082565863e-05,0.00164317685027913,0.574705082043879,993.053201810227,0.0346502222721357,8.99999904632568e-06,7.01920171945233e-05,0.0015908871935968,4.39999999999998,42.8,0.416666666666667
8.02848594070537e-05,0.00164323087671511,0.547883806239702,949.856189593631,0.0391316132982426,8.99999904632568e-06,7.02209404436983e-05,0.00159095139236285,3.60000000000002,42.8,0.416666666666667
8.03141360193389e-05,0.00164329720188812,0.580261359270433,1003.64689674589,0.0361408157817453,8.99999904632568e-06,7.02423711940381e-05,0.001591,4.60000000000002,42.8,0.416666666666667
8.03359654138462e-05,0.00164334837509215,0.591294967709719,1021.14856683113,0.0334328660075836,8.99999904632568e-06,7.02404429774212e-05,0.001591,3.80000000000001,42.8,0.416666666666667
8.03343344365654e-05,0.00164335034135771,0.570904053815705,987.226717791469,0.0349022134898147,8.99999904632568e-06,7.02385147608043e-05,0.001591,3.39999999999998,42.8,0.416666666666667
8.03323840117923e-05,0.00164335037396175,0.5750018649213,993.40606339072,0.0333300528402357,8.99999904632568e-06,7.02303511424106e-05,0.00159116608304152,3.60000000000002,42.8,0.416666666666667
8.03241938354945e-05,0.00164351642409758,0.589814379671708,1017.84305592665,0.0321128796931294,8.99999904632568e-06,7.0218781842725e-05,0.00159142287810572,4.39999999999998,42.8,0.416666666666667
8.03125130145037e-05,0.00164377822525942,0.583501583681428,1006.94267617996,0.0319534891469229,8.99999904632568e-06,7.02055522734217e-05,0.00159167967316992,3.60000000000002,42.8,0.416666666666667
8.02991243936301e-05,0.00164404293455962,0.548503684726378,947.105792134888,0.0318236947321308,8.99999904632568e-06,7.01612032915415e-05,0.00159193646823412,3.60000000000002,42.8,0.416666666666667
8.02545931059705e-05,0.00164430770433151,0.569225569788814,982.679826570753,0.0339826846499053,8.99999904632568e-06,7.01168543096614e-05,0.00159219326329832,4.60000000000002,42.8,0.416666666666667
8.02096377650648e-05,0.00164457193442792,0.56481397521821,972.522941354518,0.0285838814565191,8.99999904632568e-06,7.00821464108696e-05,0.00159239169584792,4.39999999999998,42.8,0.416666666666667
8.01743177331384e-05,0.00164477777790265,0.595071352842563,1024.88364813687,0.0319606801639585,8.99999904632568e-06,7.00590078117839e-05,0.00159252009338002,3.39999999999998,42.8,0.416666666666667
8.01506981998317e-05,0.0016449119435869,0.571260164340914,987.912338291944,0.0401771850691937,8.99999904632568e-06,7.00358692126982e-05,0.00159264849091212,2.39999999999998,42.8,0.416666666666667
8.01272379860353e-05,0.00164504409030695,0.588632126709155,1016.82205530433,0.0398617789513108,8.99999904632568e-06,7.00110753524613e-05,0.00159288711022178,3.80000000000001,42.8,0.416666666666667
8.01021246804572e-05,0.0016452863989754,0.564521252984371,973.778874339794,0.0350437507431484,8.99999904632568e-06,6.99860085369059e-05,0.00159314390528598,4.39999999999998,42.8,0.416666666666667
8.0076715910283e-05,0.00164555027031296,0.58174873146768,1001.66713284178,0.0327582649666075,8.99999904632568e-06,6.99639767843465e-05,0.00159323228280807,3.80000000000001,42.8,0.416666666666667
8.00543381799194e-05,0.00164564638753855,0.585709508441303,1010.93296200575,0.0391829299612902,8.99999904632568e-06,6.99504792683302e-05,0.00159284709021177,4.60000000000002,42.8,0.416666666666667
8.00405359581672e-05,0.00164526378600096,0.561462398296106,967.002952550126,0.0325246124748415,8.99999904632568e-06,6.9936981752314e-05,0.00159246189761547,4.19999999999999,42.8,0.416666666666667
8.00268505045868e-05,0.00164486649052152,0.585337530035543,1008.37351999434,0.0349715436271024,8.99999904632568e-06,6.99376153091852e-05,0.00159182007670502,4,42.8,0.416666666666667
8.00272977138644e-05,0.00164421211316084,0.593667513731583,1022.60796209822,0.0352088637436121,8.99999904632568e-06,6.99453281754758e-05,0.00159104969151242,3.80000000000001,42.8,0.416666666666667
8.00350166695675e-05,0.00164342144624305,0.562723131212833,969.917220640478,0.0339520766186391,8.99999904632568e-06,6.99529058161891e-05,0.00159033333333333,3,42.8,0.416666666666667
8.0042699415224e-05,0.00164268070702118,0.594335856448552,1024.89910976791,0.0376140784903869,8.99999904632568e-06,6.99586904659148e-05,0.00159033333333333,4,42.8,0.416666666666667
8.00485886768398e-05,0.0016426578733975,0.5745835933011,990.840880580047,0.0357290348176691,8.99999904632568e-06,6.99644751156405e-05,0.00159033333333333,3.80000000000001,42.8,0.416666666666667
8.00544535175306e-05,0.00164265726783282,0.586258054306157,1009.71438290648,0.0331900011012199,8.99999904632568e-06,6.99867122107788e-05,0.00159088110722028,3.60000000000002,42.8,0.416666666666667
8.00767704711071e-05,0.00164320512492946,0.58765428489404,1012.02023714129,0.0320080721056422,8.99999904632568e-06,7.0027204759046e-05,0.00159203668500917,3.39999999999998,42.8,0.444444444444443
8.01175668975449e-05,0.00164437807754997,0.588375310909499,1012.94559930857,0.0302526453389969,8.99999904632568e-06,7.00676973073133e-05,0.00159319226279807,4.80000000000001,42.8,0.416666666666667
8.01586149492049e-05,0.00164557073311106,0.586880677916943,1008.52697906149,0.0259055751101989,8.99999904632568e-06,7.00624836099746e-05,0.00159333333333333,4,42.8,0.416666666666667
8.01539601815067e-05,0.0016457494966998,0.56332522667121,971.930760362113,0.0338442196774103,8.99999904632568e-06,7.00509143104362e-05,0.00159333333333333,4.39999999999998,42.8,0.416666666666667
8.0142327500455e-05,0.0016457549584668,0.579730591713527,999.580830618205,0.0337870238353054,8.99999904632568e-06,7.00447790758317e-05,0.00159327905619476,5,42.8,0.416666666666667
8.01360338697762e-05,0.0016457006483901,0.56484766380939,973.992451700984,0.0326100660950177,8.99999904632568e-06,7.00524919421876e-05,0.00159308645989661,4.80000000000001,42.8,0.416666666666667
8.01436610390871e-05,0.0016455062587218,0.582956410736423,1007.05613590324,0.0381410391703042,8.99999904632568e-06,7.00602048085436e-05,0.00159289386359847,4.60000000000002,42.8,0.416666666666667
8.01514777605793e-05,0.00164530776784545,0.549236552522163,949.612296055245,0.0370856611449083,8.99999904632568e-06,7.00626288522554e-05,0.00159252517925629,4.39999999999998,42.8,0.416666666666667
8.01540082404595e-05,0.00164493306505999,0.577273461933189,994.834453329035,0.0319399719424079,8.99999904632568e-06,7.00626288522554e-05,0.00159207578789395,4.39999999999998,42.8,0.416666666666667
8.01540426966676e-05,0.00164447209973664,0.592476742712383,1020.37172420211,0.0315722781872674,8.99999904632568e-06,7.0062110487536e-05,0.00159166666666667,3.60000000000002,42.8,0.444444444444443
8.01535248011201e-05,0.00164404868650407,0.577854651314304,999.238297595204,0.040101244304631,8.99999904632568e-06,7.00563258377679e-05,0.00159166666666667,3.80000000000001,42.8,0.416666666666667
8.01477330994419e-05,0.00164403554922683,0.587921225295182,1013.33411803243,0.0334362427314304,8.99999904632568e-06,7.00505411879998e-05,0.00159166666666667,3,42.8,0.416666666666667
8.01418695871308e-05,0.001644035041181,0.582982092677109,1004.05716638754,0.0317110743949728,8.99999904632568e-06,7.00323859019869e-05,0.00159173003168251,4.19999999999999,42.8,0.416666666666667
8.01236344607675e-05,0.00164409828848185,0.582589268897386,1004.61171696261,0.0353754873121973,8.99999904632568e-06,7.00015344366702e-05,0.00159185842921461,4.60000000000002,42.8,0.416666666666667
8.00925346973657e-05,0.00164422832995109,0.567891730325748,979.811391739548,0.0362077985211693,8.99999904632568e-06,6.99706829713534e-05,0.00159198682674671,3.80000000000001,42.8,0.416666666666667
8.00612597629955e-05,0.00164436021872024,0.57342272375204,988.663989790024,0.0356275194916222,8.99999904632568e-06,6.99484834389822e-05,0.00159251850925463,4,42.8,0.444444444444443
8.00386343763604e-05,0.00164489544669614,0.589863980570497,1013.90653551245,0.0302630280876106,8.99999904632568e-06,6.99272730566873e-05,0.00159309629814907,3.80000000000001,42.8,0.416666666666667
8.00171159161249e-05,0.00164548943732838,0.582679912332613,1002.88590634543,0.0334699585148462,8.99999904632568e-06,6.99043197669844e-05,0.00159369343004836,4.39999999999998,42.8,0.416666666666667
7.99938696209137e-05,0.0016461046121981,0.570954891885691,983.88557016538,0.0359914336515643,8.99999904632568e-06,6.98773247351027e-05,0.00159433541770885,4.39999999999998,42.8,0.416666666666667
7.99665580565072e-05,0.00164676526961762,0.581977293355308,1002.36214345984,0.0364217726946492,8.99999904632568e-06,6.9850329703221e-05,0.00159497740536935,4.19999999999999,42.8,0.416666666666667
7.99391911374772e-05,0.00164742726656821,0.581742660909615,1000.87600300187,0.0339913853948239,8.99999904632568e-06,6.9845090964189e-05,0.00159498557612139,4.39999999999998,42.8,0.416666666666667
7.99335797575623e-05,0.00164745548718101,0.601352455649999,1035.40561580314,0.0374489526202737,8.99999904632568e-06,6.98489473973061e-05,0.0015947287810572,4.19999999999999,42.8,0.416666666666667
7.99373597834826e-05,0.00164719946954164,0.586574965247744,1009.73282871975,0.0353867888944858,8.99999904632568e-06,6.98559590938956e-05,0.00159447898949475,3.39999999999998,42.8,0.444444444444443
7.99444229506887e-05,0.00164694180567639,0.582298418106836,999.554504630436,0.0275266169306444,8.99999904632568e-06,6.98887387755105e-05,0.0015942863931966,4.60000000000002,42.8,0.416666666666667
7.99772988077211e-05,0.00164674134312452,0.564169418227273,970.570282837025,0.0305586367416907,8.99999904632568e-06,6.99215184571253e-05,0.00159409379689845,4.19999999999999,42.8,0.416666666666667
8.00105261425182e-05,0.00164654310301152,0.57752690824951,994.352260907374,0.0330012126146631,8.99999904632568e-06,6.99374825877819e-05,0.00159423053193263,3.39999999999998,42.8,0.416666666666667
8.00269427122442e-05,0.00164667426925135,0.595451251522779,1023.15328043474,0.0295557493400231,8.99999904632568e-06,6.99374825877819e-05,0.00159467992329498,3.80000000000001,42.8,0.416666666666667
8.0027166248004e-05,0.00164712801300288,0.56982996682079,982.383820080596,0.0354060712232518,8.99999904632568e-06,6.99374825877819e-05,0.00159512931465733,3,42.8,0.416666666666667
8.00271692917724e-05,0.00164759147694613,0.582601233639655,1003.58154903056,0.0345162558661232,8.99999904632568e-06,6.99392505370027e-05,0.00159434258796065,4,42.8,0.416666666666667
8.00289372824386e-05,0.00164681912037859,0.592280860922719,1020.28912920424,0.0353641904470585,8.99999904632568e-06,6.99411787535749e-05,0.00159344380523595,4.39999999999998,42.8,0.416666666666667
8.0030889572806e-05,0.00164589642085503,0.560603801859831,967.837743629647,0.0377948593439304,8.99999904632568e-06,6.99381587156759e-05,0.00159291570785393,3.39999999999998,42.8,0.416666666666667
8.00278961182138e-05,0.00164533974837347,0.557447238024122,961.755218082398,0.0363916410911234,8.99999904632568e-06,6.99246611996856e-05,0.00159317250291813,4.60000000000002,42.8,0.416666666666667
8.00143578419333e-05,0.00164557923130078,0.56964965427539,982.618300873215,0.0373206570073927,8.99999904632568e-06,6.99111636836953e-05,0.00159342929798232,5,42.8,0.416666666666667
8.0000675982385e-05,0.00164584321630606,0.593861976250628,1018.22905478504,0.0252257514966161,8.99999904632568e-06,6.9899063498695e-05,0.00159317433716858,3.80000000000001,42.8,0.416666666666667
7.99883894987291e-05,0.00164559620264343,0.582406502654442,1002.39424608411,0.0338338215692266,8.99999904632568e-06,6.98874941993038e-05,0.00159272494580624,3.39999999999998,42.8,0.416666666666667
7.99766529007788e-05,0.00164513893876788,0.570652333182266,982.954686003431,0.0350147580983068,8.99999904632568e-06,6.98771644677048e-05,0.00159240762047691,6.19999999999999,42.8,0.416666666666667
7.9966163358124e-05,0.00164480723150877,0.57594371679996,989.971422626117,0.0305790722282413,8.99999904632568e-06,6.98752362511422e-05,0.00159298540937135,4.39999999999998,42.8,0.416666666666667
7.9964092310999e-05,0.00164537455314385,0.590513740014298,1015.99089896206,0.0340324311550558,8.99999904632568e-06,6.98733080345796e-05,0.0015935631982658,3.60000000000002,42.8,0.416666666666667
7.99621358940815e-05,0.0016459698962925,0.573847085740417,987.51180685053,0.0328715988098142,8.99999904632568e-06,6.98847270833401e-05,0.00159352567950642,4.80000000000001,42.8,0.416666666666667
7.99735283033461e-05,0.00164595080261046,0.58344500144664,1003.68995197853,0.0322300118871436,8.99999904632568e-06,6.99078656821404e-05,0.00159294789061197,3.80000000000001,42.8,0.416666666666667
7.99968220265666e-05,0.00164537261980737,0.589298475657993,1015.00480109551,0.0350279795290217,8.99999904632568e-06,6.99310042809407e-05,0.00159237010171753,4.60000000000002,42.8,0.416666666666667
8.00202778036938e-05,0.00164477730894773,0.594277500911817,1021.6634694284,0.0301859108867935,8.99999904632568e-06,6.99577539036198e-05,0.00159293446723362,4,42.8,0.416666666666667
8.00473468113022e-05,0.00164532362424733,0.575673734945196,991.407349242909,0.0322301052604444,8.99999904632568e-06,6.99847489356888e-05,0.00159357645489411,3.60000000000002,42.8,0.416666666666667
8.00747104277517e-05,0.00164598302156987,0.573876207784991,989.047561375914,0.0333153448760048,8.99999904632568e-06,7.00045269285784e-05,0.001594,4.60000000000002,42.8,0.416666666666667
8.00948610165548e-05,0.00164642748766086,0.571491863879809,985.880228187839,0.0351824933626127,8.99999904632568e-06,7.00103115783264e-05,0.001594,5,42.8,0.416666666666667
8.01009200462283e-05,0.00164644161909868,0.580796519962823,1002.06196803878,0.0361201163303204,8.99999904632568e-06,7.00160962280744e-05,0.001594,5.80000000000001,42.8,0.416666666666667
8.01067871985834e-05,0.00164644216261792,0.579880590267519,999.217805935235,0.0326695064659448,8.99999904632568e-06,7.00319251333299e-05,0.00159414332166083,4,42.8,0.416666666666667
8.01226959937539e-05,0.00164658560315692,0.582809529660418,1003.83688399107,0.0313920131028439,8.99999904632568e-06,7.00512072992049e-05,0.00159433591795898,3.60000000000002,42.8,0.416666666666667
8.01421947812908e-05,0.00164678292358901,0.579195560500895,999.687026914921,0.035554791347488,8.99999904632568e-06,7.00682056553049e-05,0.00159461405702851,4.19999999999999,42.8,0.416666666666667
8.01594586420826e-05,0.00164706751980996,0.567572765348637,977.441433303037,0.0294112893908489,8.99999904632568e-06,7.00720620884888e-05,0.00159538444222111,4,42.8,0.416666666666667
8.01635501481413e-05,0.00164784702934683,0.580118997493589,1000.15403906341,0.0327916733283343,8.99999904632568e-06,7.00759185216727e-05,0.00159615482741371,4.19999999999999,42.8,0.416666666666667
8.01674622932024e-05,0.0016486416550147,0.564957075352252,978.224303712433,0.0409162404810645,8.99999904632568e-06,7.00957390857979e-05,0.0015960747873937,4.19999999999999,42.8,0.416666666666667
8.01873361269407e-05,0.00164858632103892,0.578389956463931,997.968847316206,0.0331775174469211,8.99999904632568e-06,7.01285187679813e-05,0.0015953044022011,4.39999999999998,42.8,0.416666666666667
8.02203864206221e-05,0.0016478145657643,0.558405703932117,964.944157839999,0.0342477247854384,8.99999904632568e-06,7.01612984501647e-05,0.0015945340170085,4.39999999999998,42.8,0.416666666666667
8.02536161311995e-05,0.00164702082639505,0.572216396753933,990.376311902421,0.039098200528776,8.99999904632568e-06,7.01572166409856e-05,0.00159474545606136,3.80000000000001,42.8,0.416666666666667
8.02499867934396e-05,0.00164720823275648,0.557321703662723,960.956363156641,0.0295085424195961,8.99999904632568e-06,7.01514319911729e-05,0.00159500225112556,3.39999999999998,42.8,0.416666666666667
8.02441527248514e-05,0.00164747077539542,0.562330411695514,971.468981624434,0.0343440649314437,8.99999904632568e-06,7.01456473413627e-05,0.00159516666666667,4,42.8,0.416666666666667
8.02382886356103e-05,0.0016476432298338,0.579803426712118,1000.43651813135,0.033065734911257,8.99999904632568e-06,7.01398626915567e-05,0.00159516666666667,4.19999999999999,42.8,0.416666666666667
8.02324241375982e-05,0.00164764847495117,0.571199786163806,986.317280207159,0.0342406432036239,8.99999904632568e-06,7.01340780417507e-05,0.00159516666666667,3.60000000000002,42.8,0.444444444444443
8.022655963402e-05,0.00164764853560054,0.586297745110168,1010.4274446217,0.0314432944290926,8.99999904632568e-06,7.01120963725555e-05,0.00159492154410539,4.80000000000001,42.8,0.416666666666667
8.02044981109768e-05,0.00164740331293989,0.566613127218293,978.345644358376,0.0349756307901785,8.99999904632568e-06,7.0085101340216e-05,0.00159460055027514,4.19999999999999,42.8,0.416666666666667
8.01772026785295e-05,0.00164707433214642,0.574205077643499,989.698750120843,0.0320987172506774,8.99999904632568e-06,7.00613366967231e-05,0.00159433333333333,5,42.8,0.444444444444443
8.01530663675486e-05,0.00164679644023818,0.570432277193149,982.689765576342,0.0308279136768299,8.99999904632568e-06,7.00536238303671e-05,0.00159433333333333,3,42.8,0.416666666666667
8.01450248497933e-05,0.00164678740425919,0.559651727647071,965.674780605869,0.0338745237345779,8.99999904632568e-06,7.00459109640112e-05,0.00159433333333333,5.39999999999998,42.8,0.416666666666667
8.01372024863371e-05,0.00164678698425463,0.577968104215753,997.046379401449,0.0348269807023267,8.99999904632568e-06,7.00448091259595e-05,0.00159466349841587,5.39999999999998,42.8,0.416666666666667
8.01359941352934e-05,0.00164711700028884,0.573388860399932,989.903604381179,0.0361215551319216,8.99999904632568e-06,7.0048665559136e-05,0.00159524128731032,5,42.8,0.416666666666667
8.01398341149919e-05,0.0016477050005862,0.58208124710163,1004.83912631306,0.0366067506098384,8.99999904632568e-06,7.00525219923125e-05,0.00159581907620477,4.60000000000002,42.8,0.416666666666667
8.0143742835144e-05,0.00164830108768243,0.581381236888966,1003.98150303046,0.0367843267123158,8.99999904632568e-06,7.00751847977287e-05,0.00159564548941137,4,42.8,0.416666666666667
8.01664588635382e-05,0.00164814605102395,0.57355575328881,987.546693247519,0.0286937933112663,8.99999904632568e-06,7.00983233968501e-05,0.00159545289311322,3,42.8,0.416666666666667
8.01899067748211e-05,0.00164794904270497,0.586517859589245,1012.18674535988,0.0344321127802123,8.99999904632568e-06,7.01229244356209e-05,0.00159540636985159,4.19999999999999,42.8,0.416666666666667
8.02148270914162e-05,0.00164789681878402,0.578308485909005,1000.07693497311,0.0378827379648772,8.99999904632568e-06,7.01499194680645e-05,0.00159559896614974,4.80000000000001,42.8,0.416666666666667
8.02421614506496e-05,0.00164808822918494,0.590537035671869,1018.29851530685,0.0313988961345981,8.99999904632568e-06,7.01769145005081e-05,0.00159579156244789,4.19999999999999,42.8,0.416666666666667
8.02695286806266e-05,0.00164828723564461,0.58194958231342,1006.67510123382,0.0379175519992438,8.99999904632568e-06,7.01888093432106e-05,0.00159477755544439,4.39999999999998,42.8,0.416666666666667
8.02817961684461e-05,0.00164727987489621,0.574721736077165,989.823137830284,0.0269096318825818,8.99999904632568e-06,7.01965222096498e-05,0.00159342938135735,3.60000000000002,42.8,0.444444444444443
8.02896760747881e-05,0.00164590068009403,0.556637176902311,962.746953988041,0.0350863454505894,8.99999904632568e-06,7.02027926698978e-05,0.00159233333333333,5,42.8,0.416666666666667
8.02960538315591e-05,0.00164476200604072,0.583210397257489,1006.91532052998,0.0331196024847327,8.99999904632568e-06,7.02027926698978e-05,0.00159233333333333,4.60000000000002,42.8,0.416666666666667
8.02961406741047e-05,0.00164472681143131,0.573352888846369,989.788946566653,0.0321037058248613,8.99999904632568e-06,7.02027926698978e-05,0.00159233333333333,3.60000000000002,42.8,0.416666666666667
8.02961418565938e-05,0.00164472572170398,0.559924622376907,969.965756429055,0.0389671325827588,8.99999904632568e-06,7.01993744677252e-05,0.00159267475404369,4.60000000000002,42.8,0.416666666666667
8.02927236705225e-05,0.00164506710864702,0.571239375220787,987.483358678387,0.0353049566759715,8.99999904632568e-06,7.01935898178947e-05,0.00159325254293814,4.80000000000001,42.8,0.416666666666667
8.02868924770575e-05,0.00164565542308107,0.585471574569677,1008.4024072174,0.027988750403322,8.99999904632568e-06,7.01878051680641e-05,0.00159383033183258,3.80000000000001,42.8,0.416666666666667
8.02810284269452e-05,0.00164625135174204,0.556505813032388,961.60687974543,0.0339384582459569,8.99999904632568e-06,7.01628385193054e-05,0.00159472744705686,4.19999999999999,42.8,0.416666666666667
8.02559819305131e-05,0.00164716684224678,0.578943221352224,999.196946271603,0.0336252240457992,8.99999904632568e-06,7.01377717034504e-05,0.00159562622978156,3.60000000000002,42.8,0.416666666666667
8.02305740697442e-05,0.00164809357495651,0.581247522101559,1001.34798116518,0.0302230788234443,8.99999904632568e-06,7.01103985402714e-05,0.00159601308987827,4,42.8,0.416666666666667
8.02028549411438e-05,0.00164850872732807,0.582718153346268,1004.58485988427,0.0327838769098472,8.99999904632568e-06,7.00795470747762e-05,0.00159562789728197,3.80000000000001,42.8,0.416666666666667
8.01716260389139e-05,0.00164813592485106,0.580782978417365,1000.38538803175,0.031396865643271,8.99999904632568e-06,7.00486956092811e-05,0.00159524270468568,4.19999999999999,42.8,0.416666666666667
8.01403493459502e-05,0.00164773863016097,0.581038365029009,1000.80522274037,0.0316853114658887,8.99999904632568e-06,7.00364151233643e-05,0.00159583650158413,5.39999999999998,42.8,0.416666666666667
8.01276429818237e-05,0.00164831956473361,0.556681192459164,959.979028859073,0.0327465802715097,8.99999904632568e-06,7.00287022570203e-05,0.00159667108554277,4.39999999999998,42.8,0.416666666666667
8.011975709963e-05,0.0016491719400855,0.589380586199752,1014.93546910118,0.0321695242508858,8.99999904632568e-06,7.00209893906787e-05,0.00159726705019176,4,42.8,0.416666666666667
8.01119368553954e-05,0.00164979419619468,0.581367853238046,1001.57848167116,0.0327911435929171,8.99999904632568e-06,7.00132765243465e-05,0.00159694605636151,4.80000000000001,42.8,0.416666666666667
8.01041175049276e-05,0.0016494923599319,0.571060624957902,984.854977955142,0.0346106050890464,8.99999904632568e-06,7.00055636580143e-05,0.00159662506253127,4.39999999999998,42.8,0.416666666666667
8.00962981666298e-05,0.00164916187144968,0.594638830016192,1026.09888283718,0.0379227485911769,8.99999904632568e-06,7.00084434620031e-05,0.00159602976488244,4,42.8,0.416666666666667
8.00990714988186e-05,0.00164855619076375,0.581558121234877,1005.31135775152,0.0406658394457437,8.99999904632568e-06,7.00180845449202e-05,0.00159525937968985,4,42.8,0.416666666666667
8.01087503447354e-05,0.00164776707417568,0.573857980756219,988.848547875755,0.0323272368758009,8.99999904632568e-06,7.00280010873508e-05,0.0015944935801234,4.39999999999998,42.8,0.416666666666667
8.01187986788991e-05,0.00164697697571687,0.559196548391037,964.776541497867,0.0333088350310887,8.99999904632568e-06,7.00569243362135e-05,0.00159404418876105,4.80000000000001,42.8,0.416666666666667
8.01478587506212e-05,0.00164650326144362,0.584392215266061,1008.43674235263,0.0350255293509215,8.99999904632568e-06,7.00858475850761e-05,0.0015935947973987,4,42.8,0.444444444444443
8.01771776951329e-05,0.00164603968752075,0.570929982615497,985.08262985205,0.0331551654179668,8.99999904632568e-06,7.01050946925095e-05,0.00159314540603635,3.60000000000002,42.8,0.416666666666667
8.01968240231494e-05,0.00164557643250931,0.572188819277672,985.869133862354,0.0298685071290714,8.99999904632568e-06,7.01108793423021e-05,0.001592696014674,4.19999999999999,42.8,0.416666666666667
8.02028761866147e-05,0.00164511301918555,0.594078572479561,1020.09420787621,0.0230029677848568,8.99999904632568e-06,7.01166639920948e-05,0.00159224662331166,4.39999999999998,42.8,0.416666666666667
8.02087432455208e-05,0.00164464936455963,0.570480613973759,984.971481639664,0.0344316294145942,8.99999904632568e-06,7.01145229204177e-05,0.0015927472069368,3.39999999999998,42.8,0.416666666666667
8.02066820624863e-05,0.00164513567422058,0.553653880329228,956.211415644326,0.0339015459083448,8.99999904632568e-06,7.01106664872218e-05,0.00159345339336335,4.19999999999999,42.8,0.416666666666667
8.02027975632496e-05,0.00164585690323076,0.559541277221343,966.236566574359,0.0341502099854859,8.99999904632568e-06,7.01055028734262e-05,0.001594,4.39999999999998,42.8,0.416666666666667
8.01975810562795e-05,0.00164642580461012,0.580768776025971,1000.35265969963,0.030161454626332,8.99999904632568e-06,7.00958617904497e-05,0.001594,3,42.8,0.416666666666667
8.01878689428825e-05,0.0016464433531481,0.581720962794383,1003.5062018871,0.0340386497946956,8.99999904632568e-06,7.00862207074732e-05,0.001594,3.60000000000002,42.8,0.416666666666667
8.01780956151872e-05,0.00164644372836753,0.582440783646371,1002.8366973584,0.0296589825518381,8.99999904632568e-06,7.00838667807195e-05,0.001594,3.39999999999998,42.8,0.444444444444443
8.01756086101919e-05,0.00164644357004979,0.568445336672028,977.822659053443,0.0265028644105252,8.99999904632568e-06,7.00857949973133e-05,0.001594,4.60000000000002,42.8,0.416666666666667
8.01775029625522e-05,0.00164644352189364,0.581034082033915,1002.40673750304,0.0341715537960793,8.99999904632568e-06,7.00866814761136e-05,0.00159400867100217,4.19999999999999,42.8,0.416666666666667
8.01784152357481e-05,0.00164645222434423,0.549654571495288,947.74196088615,0.0312628512552607,8.99999904632568e-06,7.00577582272844e-05,0.00159426546606637,4.19999999999999,42.8,0.416666666666667
8.01495044088612e-05,0.00164670930509881,0.586808103965796,1011.90717014713,0.0350723954105333,8.99999904632568e-06,7.00288349784552e-05,0.00159452226113057,4.60000000000002,42.8,0.416666666666667
8.01201874965711e-05,0.0016469735684205,0.587414685252069,1010.58704723687,0.0301787347005075,8.99999904632568e-06,7.0004131268565e-05,0.00159477905619476,5,42.8,0.416666666666667
8.00950845937696e-05,0.00164723804738197,0.568266751197218,980.128408606719,0.0351176864519306,8.99999904632568e-06,6.99848491027718e-05,0.00159503585125896,3.19999999999999,42.8,0.416666666666667
8.00754606150066e-05,0.00164750260630837,0.581051198835248,1001.37351301215,0.0347960659635568,8.99999904632568e-06,6.99655669369785e-05,0.00159529264632316,4.39999999999998,42.8,0.416666666666667
8.00559112398586e-05,0.00164776726298903,0.571388920090542,984.570091840912,0.0329171981273018,8.99999904632568e-06,6.99949659794324e-05,0.00159446890111723,4.19999999999999,42.8,0.416666666666667
8.00850440887958e-05,0.00164695138372781,0.560487439324157,966.30204368517,0.032353048895888,8.99999904632568e-06,7.00335303110932e-05,0.00159344172086043,5.39999999999998,42.8,0.416666666666667
8.01240051070745e-05,0.00164589941307252,0.579317856717885,997.960948550273,0.0310294589044808,8.99999904632568e-06,7.00678350370608e-05,0.00159266666666667,4.60000000000002,42.8,0.416666666666667
8.01588403446513e-05,0.0016450924191801,0.578061370266859,995.400941930228,0.0294646401377935,8.99999904632568e-06,7.0089045419601e-05,0.00159266666666667,4,42.8,0.444444444444443
8.01805250602239e-05,0.00164506800344046,0.579639723438294,998.586187870541,0.0301300876368217,8.99999904632568e-06,7.01102558021412e-05,0.00159266666666667,4,42.8,0.416666666666667
8.02020307120836e-05,0.00164506762349352,0.584995050817863,1009.75525379472,0.0344161834868348,8.99999904632568e-06,7.01364745395666e-05,0.00159279172919793,4.19999999999999,42.8,0.416666666666667
8.02285422806125e-05,0.00164519304821334,0.57460474594194,990.171092216463,0.0289814623836361,8.99999904632568e-06,7.016539778863e-05,0.00159298432549608,5.39999999999998,42.8,0.416666666666667
8.02578265237029e-05,0.00164538999442555,0.569923229623836,984.245101204632,0.0329790189324826,8.99999904632568e-06,7.01926782973134e-05,0.00159316666666667,4.60000000000002,42.8,0.416666666666667
8.02855057804585e-05,0.00164557895130718,0.551565746441598,951.696250538359,0.0297214039108859,8.99999904632568e-06,7.0190750080704e-05,0.00159316666666667,4,42.8,0.416666666666667
8.02839544576699e-05,0.00164558529139289,0.58115720405724,1003.65878127698,0.0339928605952037,8.99999904632568e-06,7.01888218640946e-05,0.00159316666666667,4.60000000000002,42.8,0.416666666666667
8.02820051175173e-05,0.00164558546099592,0.569387749509027,984.609827309461,0.0359926466918776,8.99999904632568e-06,7.01904195292862e-05,0.00159316666666667,3.60000000000002,42.8,0.416666666666667
8.02835762395737e-05,0.00164558543235686,0.580932505750097,1002.62223578936,0.0322633433332223,8.99999904632568e-06,7.01962041791168e-05,0.00159316666666667,5,42.8,0.416666666666667
8.02893822825435e-05,0.00164558545878966,0.57829143618917,998.997495863728,0.0340993283980631,8.99999904632568e-06,7.02019888289473e-05,0.00159316666666667,4.39999999999998,42.8,0.416666666666667
8.02952459901948e-05,0.00164558556057249,0.567464323363756,978.777547956102,0.0296132225955516,8.99999904632568e-06,7.02061132091544e-05,0.00159377472069368,5.19999999999999,42.8,0.416666666666667
8.02994502134121e-05,0.00164619371972137,0.568736466445607,981.593375951593,0.0310537772184598,8.99999904632568e-06,7.02099696423785e-05,0.00159448090712023,4.19999999999999,42.8,0.416666666666667
8.03033638933233e-05,0.00164691883572523,0.568133319147479,982.327407854279,0.0351441555094084,8.99999904632568e-06,7.02097392580583e-05,0.001595,4.19999999999999,42.8,0.416666666666667
8.03031867995156e-05,0.0016474604794723,0.576363653024512,994.494529107547,0.0312977997527714,8.99999904632568e-06,7.0198169958395e-05,0.001595,4.19999999999999,42.8,0.416666666666667
8.02916150884594e-05,0.00164747727049732,0.583234562797008,1005.94559350571,0.0311612451419813,8.99999904632568e-06,7.01866006587317e-05,0.001595,4.39999999999998,42.8,0.416666666666667
8.02798882229181e-05,0.00164747758989226,0.568546945299876,981.563171418119,0.0327652412241056,8.99999904632568e-06,7.0168583102268e-05,0.00159469943304986,3.39999999999998,42.8,0.416666666666667
8.02617109879197e-05,0.00164717682892276,0.578012922548119,997.315379252884,0.0326593849304318,8.99999904632568e-06,7.01473727196215e-05,0.00159425004168751,3.39999999999998,42.8,0.416666666666667
8.02402530954642e-05,0.001646717796132,0.591757093313232,1019.59167246813,0.0308936965797134,8.99999904632568e-06,7.0126863506652e-05,0.00159376796731699,3.60000000000002,42.8,0.416666666666667
8.02194517017058e-05,0.00164622111593815,0.535606125051589,926.306632634923,0.0353738684440367,8.99999904632568e-06,7.01152942070645e-05,0.0015928691845923,4.60000000000002,42.8,0.416666666666667
8.02075991605255e-05,0.00164530657151788,0.576436311797408,994.052387565922,0.0323781759481093,8.99999904632568e-06,7.01037249074771e-05,0.0015919704018676,4.19999999999999,42.8,0.416666666666667
8.01958684711445e-05,0.00164437922649233,0.56645253393558,977.706939087975,0.0341760606046137,8.99999904632568e-06,7.00829652768944e-05,0.0015915,4.39999999999998,42.8,0.416666666666667
8.017494910996e-05,0.00164387986754963,0.568740024094237,979.724858277558,0.0306288100623092,8.99999904632568e-06,7.00521138114587e-05,0.0015915,3.60000000000002,42.8,0.416666666666667
8.01438127966313e-05,0.0016438640207459,0.562140590390684,967.875535294107,0.0298083793978057,8.99999904632568e-06,7.0021262346023e-05,0.0015915,4,42.8,0.416666666666667
8.01125373644611e-05,0.0016438629879629,0.579879893766989,999.708382917267,0.0344107809639117,8.99999904632568e-06,7.00090870355908e-05,0.00159217833916958,4.19999999999999,42.8,0.444444444444443
8.00999361929867e-05,0.00164454075125106,0.574744702792546,989.528262791333,0.0311320527855556,8.99999904632568e-06,6.99994459526812e-05,0.00159294872436218,3.80000000000001,42.8,0.416666666666667
8.00901235265802e-05,0.00164533193191914,0.551351266515019,950.180879967741,0.0316924906181201,8.99999904632568e-06,6.99980310924673e-05,0.00159326263131566,4.60000000000002,42.8,0.416666666666667
8.00885750524703e-05,0.00164567019943641,0.581866713106464,1002.54497536684,0.0329779324224339,8.99999904632568e-06,7.00173132583051e-05,0.00159242804735701,4.39999999999998,42.8,0.416666666666667
8.0107836133554e-05,0.00164484607681009,0.567998372067863,980.296630832918,0.0352726329874965,8.99999904632568e-06,7.0036595424143e-05,0.00159159346339837,4.80000000000001,42.8,0.416666666666667
8.01273805673605e-05,0.00164398627519718,0.555755976493678,961.280485306769,0.038770111791538,8.99999904632568e-06,7.00532231619932e-05,0.0015918635984659,4.80000000000001,42.8,0.416666666666667
8.01442744314437e-05,0.00164423009128178,0.578620720130074,997.991085522381,0.0338464597754094,8.99999904632568e-06,7.0068648894717e-05,0.0015926339836585,3.80000000000001,42.8,0.416666666666667
8.01599301989925e-05,0.00164500832996339,0.568720849784429,981.011157587485,0.0329143768688619,8.99999904632568e-06,7.00837190342543e-05,0.00159335109221277,3.80000000000001,42.8,0.416666666666667
8.01752135148482e-05,0.00164574984068392,0.583027598208788,1005.63078140452,0.033606489780126,8.99999904632568e-06,7.00952883338283e-05,0.00159354368851092,4,42.8,0.416666666666667
8.01869909192626e-05,0.00164596569389135,0.568587033481551,982.854384264233,0.0371490605206754,8.99999904632568e-06,7.01068576334024e-05,0.00159373628480907,3.60000000000002,42.8,0.416666666666667
8.01987205855325e-05,0.00164616518769491,0.56864543733307,982.479496249441,0.0361902672431825,8.99999904632568e-06,7.01012082092081e-05,0.00159376963481741,3.80000000000001,42.8,0.416666666666667
8.01932308780089e-05,0.00164620492714192,0.585767247512595,1008.77335488975,0.0305427667169038,8.99999904632568e-06,7.00780696100867e-05,0.00159364123728531,4,42.8,0.416666666666667
8.01700175284395e-05,0.00164607766630127,0.585687409639436,1007.62668020052,0.0287538945167868,8.99999904632568e-06,7.00549310109653e-05,0.00159351283975321,4.39999999999998,42.8,0.416666666666667
8.01465628453968e-05,0.00164594491927854,0.578304693395027,997.00775299971,0.0332481262707351,8.99999904632568e-06,7.00508817561234e-05,0.00159286443221611,4,42.8,0.416666666666667
8.01421942205232e-05,0.00164529198795064,0.571719093503183,986.417666834461,0.0345675780700596,8.99999904632568e-06,7.00489535395348e-05,0.00159215824578956,3.19999999999999,42.8,0.416666666666667
8.01402065186769e-05,0.00164456548089015,0.598498185805,1030.06326956019,0.0309265818372012,8.99999904632568e-06,7.00435094579e-05,0.00159166666666667,3.80000000000001,42.8,0.416666666666667
8.01347353715558e-05,0.0016440513412606,0.544816135145876,940.439721334669,0.0339836529592298,8.99999904632568e-06,7.00300119418005e-05,0.00159166666666667,4,42.8,0.416666666666667
8.01211633577355e-05,0.00164403530480392,0.580008763229418,997.386827975457,0.0282453601658589,8.99999904632568e-06,7.0016514425701e-05,0.00159166666666667,4.19999999999999,42.8,0.416666666666667
8.01074810386917e-05,0.00164403457157218,0.572095580565718,984.804029457353,0.0311215835269731,8.99999904632568e-06,6.99770861530164e-05,0.00159175754543939,3.19999999999999,42.8,0.416666666666667
8.00678664610947e-05,0.00164412518968394,0.560993350089991,966.283156471106,0.0329411454910967,8.99999904632568e-06,6.99269525221085e-05,0.00159188594297149,3.80000000000001,42.8,0.416666666666667
8.00171934194055e-05,0.00164425570803285,0.575593971968791,990.431525858856,0.0329507282116678,8.99999904632568e-06,6.9878972483765e-05,0.001592,4.19999999999999,42.8,0.416666666666667
7.99685233930155e-05,0.00164437293071805,0.553230130696922,952.813227383536,0.0340470493271889,8.99999904632568e-06,6.98481210188405e-05,0.001592,6.19999999999999,42.8,0.416666666666667
7.9937009214046e-05,0.00164437571896299,0.566143246923251,973.128161556875,0.0313398359142706,8.99999904632568e-06,6.9817269553916e-05,0.001592,5.39999999999998,42.8,0.416666666666667
7.99057286371902e-05,0.00164437525740399,0.579368101672435,999.345378768771,0.0411418997625563,8.99999904632568e-06,6.97923830394837e-05,0.00159180140070035,4.60000000000002,42.8,0.444444444444443
7.98804161916632e-05,0.00164417609984472,0.58091267048149,997.30373505181,0.0307276875513897,8.99999904632568e-06,6.97731008740024e-05,0.00159141620810405,3.60000000000002,42.8,0.416666666666667
7.98607893599796e-05,0.0016437842920397,0.572429229059326,987.128164704328,0.0408686365141859,8.99999904632568e-06,6.97538187085212e-05,0.00159103101550775,3.80000000000001,42.8,0.416666666666667
7.9841239946297e-05,0.00164338660982633,0.60360118718926,1035.81828916743,0.0318605399772151,8.99999904632568e-06,6.97575849912262e-05,0.001591,4.60000000000002,42.8,0.416666666666667
7.98447400349606e-05,0.00164334292390695,0.58360841504224,1002.71796776223,0.033038408452888,8.99999904632568e-06,6.97633696408628e-05,0.001591,4,42.8,0.416666666666667
7.9850572343456e-05,0.00164334163025375,0.589307911834766,1012.7642966785,0.033699839671383,8.99999904632568e-06,6.97785073928792e-05,0.00159091695847924,5.39999999999998,42.8,0.416666666666667
7.98657895109369e-05,0.00164325865004222,0.580161821452126,996.578876203558,0.0309692164732114,8.99999904632568e-06,6.9813215290839e-05,0.00159066016341504,4.19999999999999,42.8,0.416666666666667
7.99007046130296e-05,0.00164299954672564,0.582962732184818,1003.38976007195,0.0349942684940623,8.99999904632568e-06,6.98479231887989e-05,0.00159040336835084,4.60000000000002,42.8,0.416666666666667
7.99358879314948e-05,0.00164273532510315,0.568467617754467,978.694869930945,0.033717965937452,8.99999904632568e-06,6.987561939031e-05,0.0015900531932633,3.80000000000001,42.8,0.416666666666667
7.99640632056719e-05,0.0016423775694242,0.586428028921292,1008.95559495829,0.0329669587903699,8.99999904632568e-06,6.99006862056529e-05,0.001589668000667,5,42.8,0.416666666666667
7.99895136688429e-05,0.00164198177427178,0.583792617040064,1004.35580695279,0.0320312786331759,8.99999904632568e-06,6.99227179580398e-05,0.00158933333333333,4.39999999999998,42.8,0.416666666666667
8.00118919667456e-05,0.00164163527755453,0.583457586240079,1004.41677540042,0.0334585702537446,8.99999904632568e-06,6.99246461746098e-05,0.00158933333333333,4.39999999999998,42.8,0.444444444444443
8.00141248967794e-05,0.00164162492328608,0.589674801058759,1014.5026182613,0.0324531138285923,8.99999904632568e-06,6.99265743911799e-05,0.00158933333333333,3.80000000000001,42.8,0.416666666666667
8.00160835179784e-05,0.00164162464107275,0.578411835460231,995.441431557898,0.0322270102845451,8.99999904632568e-06,6.99305660499e-05,0.00158964248791062,4,42.8,0.416666666666667
8.0020101846209e-05,0.00164193382095892,0.573420522032197,985.286078702911,0.0280294033427973,8.99999904632568e-06,6.99363506996145e-05,0.00159022027680507,4.39999999999998,42.8,0.416666666666667
8.00259412113768e-05,0.00164252126610308,0.58604788038914,1009.89616960506,0.0356183496410334,8.99999904632568e-06,6.99421353493291e-05,0.00159079806569952,3,42.8,0.416666666666667
8.00318053726429e-05,0.00164311737075433,0.578157652230416,994.883854368982,0.0317125324829549,8.99999904632568e-06,6.99388673978663e-05,0.00159023053193263,4.19999999999999,42.8,0.416666666666667
8.0028617270367e-05,0.0016425684216705,0.589339914990988,1012.27272829568,0.0282789587123965,8.99999904632568e-06,6.99350109647225e-05,0.00158958854427214,4.19999999999999,42.8,0.416666666666667
8.00247174265182e-05,0.00164190935795854,0.571419696213704,981.630113141118,0.0275344841301334,8.99999904632568e-06,6.9930493428756e-05,0.00158932074370519,4,42.8,0.416666666666667
8.00201467884377e-05,0.00164162105476988,0.564993473799399,973.102779499151,0.0331358755726869,8.99999904632568e-06,6.99247087790459e-05,0.00158977013506753,4.39999999999998,42.8,0.416666666666667
8.00142999027627e-05,0.00164206142757719,0.599523512295445,1032.94481025059,0.0370305425465772,8.99999904632568e-06,6.99189241293358e-05,0.00159021952642988,3.60000000000002,42.8,0.416666666666667
8.00084356390983e-05,0.00164252437138282,0.576224233843414,991.603346389004,0.0323331891962279,8.99999904632568e-06,6.99131394796306e-05,0.00159066891779223,4,42.8,0.416666666666667
8.0002571138812e-05,0.0016429880147184,0.554146041874535,954.872370990001,0.0337971619400293,8.99999904632568e-06,6.99073548299272e-05,0.00159111830915458,4.39999999999998,42.8,0.416666666666667
7.99967066353054e-05,0.00164345167973937,0.56512183830334,972.928288955697,0.0329938800904307,8.99999904632568e-06,6.98937270967852e-05,0.00159159671502418,4.39999999999998,42.8,0.416666666666667
7.99829990483164e-05,0.0016439443599399,0.582812655701778,999.631830001318,0.0270254861640883,8.99999904632568e-06,6.98358806001186e-05,0.00159223870268468,3.60000000000002,42.8,0.416666666666667
7.99249659026773e-05,0.0016446013851845,0.577577499804136,992.831124197027,0.0333082825658342,8.99999904632568e-06,6.97780341034521e-05,0.00159288069034517,4.39999999999998,42.8,0.416666666666667
7.98663291993159e-05,0.00164526273528851,0.563506567039108,967.640679843676,0.0307447183083953,8.99999904632568e-06,6.97437118488259e-05,0.00159252584625646,4.19999999999999,42.8,0.416666666666667
7.98312085196681e-05,0.00164492737724362,0.56933893256915,977.751551852635,0.0317731735605033,8.99999904632568e-06,6.97282861164943e-05,0.00159137026846757,4.60000000000002,42.8,0.416666666666667
7.98153045675902e-05,0.00164376079068053,0.583187497293917,1001.4405227649,0.0330080672647378,8.99999904632568e-06,6.97128603841628e-05,0.00159021469067867,4.80000000000001,42.8,0.416666666666667
7.97996622795427e-05,0.00164256876536795,0.583024598991652,1000.52710759293,0.0319461460471545,8.99999904632568e-06,6.96955865690187e-05,0.00159016666666667,4,42.8,0.416666666666667
7.97821754716235e-05,0.00164248350963333,0.5634096830514,965.671684411982,0.028147180509834,8.99999904632568e-06,6.96782326202025e-05,0.00159016666666667,3.39999999999998,42.8,0.416666666666667
7.97645834141793e-05,0.00164248056212593,0.553255126706053,950.923196607656,0.0338834352457998,8.99999904632568e-06,6.96699613225173e-05,0.00159032949808237,4,42.8,0.416666666666667
7.97560725747388e-05,0.00164264299623749,0.582543187498536,1000.34445536897,0.0338944826436825,8.99999904632568e-06,6.96776741886504e-05,0.00159077888944472,4.39999999999998,42.8,0.416666666666667
7.97636695532662e-05,0.00164309727600358,0.582274893548339,997.262050840564,0.027467898127979,8.99999904632568e-06,6.96853870547835e-05,0.00159122828080707,4.19999999999999,42.8,0.416666666666667
7.97714858634436e-05,0.00164356088478571,0.58413141857744,1001.3375279473,0.0291688554122766,8.99999904632568e-06,6.97063971025272e-05,0.00159054627313657,4.60000000000002,42.8,0.416666666666667
7.97926023417549e-05,0.00164289338760274,0.574622098668657,990.817399429793,0.0414311110819126,8.99999904632568e-06,6.97314639175418e-05,0.00158951909287977,4.19999999999999,42.8,0.416666666666667
7.98179566887023e-05,0.00164184587825497,0.590835244704363,1012.90385144992,0.0284599537094815,8.99999904632568e-06,6.97578429215064e-05,0.00158890695347674,4,42.8,0.444444444444443
7.98446809294188e-05,0.0016412017008687,0.5581019449889,960.320725384816,0.0337795910245206,8.99999904632568e-06,6.97906226028688e-05,0.00159031932632983,3.80000000000001,42.8,0.416666666666667
7.9877824500653e-05,0.00164259456519536,0.576014317078549,991.705349397528,0.0356903821675092,8.99999904632568e-06,6.9823402284231e-05,0.00159173169918292,5.60000000000002,42.8,0.416666666666667
7.99110554805205e-05,0.0016440507012837,0.587195747678888,1012.5111502016,0.0398408372644701,8.99999904632568e-06,6.98417929626236e-05,0.00159244388861097,3.60000000000002,42.8,0.416666666666667
7.99298986476155e-05,0.00164480861725937,0.576562627629969,991.640826202246,0.0327044154307967,8.99999904632568e-06,6.98495058288577e-05,0.00159263648490912,3.19999999999999,42.8,0.416666666666667
7.99378680913042e-05,0.00164502504102853,0.582720488565246,1003.47442264052,0.0359137947289366,8.99999904632568e-06,6.98572186950918e-05,0.00159282908120727,4.60000000000002,42.8,0.416666666666667
7.99456894732441e-05,0.0016452244863049,0.55716164697653,958.688633888009,0.0317691257035757,8.99999904632568e-06,6.98687028524349e-05,0.00159207995664499,3.80000000000001,42.8,0.416666666666667
7.99572801302143e-05,0.00164448168171417,0.581793121002414,1001.9892407501,0.0355016036363684,8.99999904632568e-06,6.98802721518083e-05,0.00159130957145239,3.80000000000001,42.8,0.416666666666667
7.99690072534422e-05,0.00164368846681547,0.582386406502449,1004.59748580625,0.0391877720617475,8.99999904632568e-06,6.98837429416196e-05,0.00159073528430882,4,42.8,0.416666666666667
7.9972637725297e-05,0.00164308978932628,0.582141053277384,998.573155586086,0.0262111777816395,8.99999904632568e-06,6.98741018588066e-05,0.00159047848924462,4.80000000000001,42.8,0.416666666666667
7.99630460767018e-05,0.00164281449491151,0.570228559837905,982.422953967033,0.0357617741061125,8.99999904632568e-06,6.98644607759935e-05,0.00159022169418042,3.19999999999999,42.8,0.444444444444443
7.99532743894755e-05,0.00164254899732781,0.566166076691851,976.738948854367,0.0389858321681255,8.99999904632568e-06,6.98442145021457e-05,0.00159016666666667,4,42.8,0.416666666666667
7.99328950597235e-05,0.00164248556792251,0.579001990103908,1000.37793820258,0.0442552017272885,8.99999904632568e-06,6.98210759034702e-05,0.00159016666666667,3.60000000000002,42.8,0.416666666666667
7.99094789664778e-05,0.00164248324685914,0.579190452372242,993.50259671818,0.0280340407252966,8.99999904632568e-06,6.97953780355887e-05,0.00159026404869101,4.19999999999999,42.8,0.416666666666667
7.98834622540214e-05,0.0016425801497266,0.580175753777093,998.210230703351,0.0361587432007656,8.99999904632568e-06,6.97587419212378e-05,0.00159077763881941,4.60000000000002,42.8,0.416666666666667
7.98464718838374e-05,0.00164309629199368,0.559028063492024,960.121337056962,0.0313616603102421,8.99999904632568e-06,6.97221058068869e-05,0.00159129122894781,4.60000000000002,42.8,0.416666666666667
7.98093320911516e-05,0.00164362524229437,0.565128651653659,972.616130715013,0.0369601469599126,8.99999904632568e-06,6.9703780237194e-05,0.0015915,3.80000000000001,42.8,0.416666666666667
7.97905008085165e-05,0.00164384976804398,0.584307444415829,1000.8603706686,0.0275512366323434,8.99999904632568e-06,6.96979955875842e-05,0.0015915,4.60000000000002,42.8,0.416666666666667
7.97844597432765e-05,0.00164385640218373,0.573697963021624,985.985353483886,0.0347687362951247,8.99999904632568e-06,6.96922109379743e-05,0.0015915,3.80000000000001,42.8,0.416666666666667
7.97785928356718e-05,0.00164385650283048,0.583596553563004,1001.75488539979,0.0326607284897582,8.99999904632568e-06,6.96921959129104e-05,0.00159156403201601,4,42.8,0.416666666666667
7.97784979240255e-05,0.00164392043594546,0.596757344251759,1025.5651495966,0.0366354547131046,8.99999904632568e-06,6.96921959129104e-05,0.00159162823078206,3.80000000000001,42.8,0.416666666666667
7.97784966316637e-05,0.00164398661535925,0.597970725216937,1025.75982036513,0.03222920517724,8.99999904632568e-06,6.96921959129104e-05,0.00159171819242955,3.80000000000001,42.8,0.416666666666667
7.97784966140663e-05,0.00164407862893077,0.585401750924102,1004.52403305442,0.0320225090207706,8.99999904632568e-06,6.96921959129104e-05,0.00159184658996165,4.39999999999998,42.8,0.416666666666667
7.97784966138267e-05,0.00164420987941813,0.575455445541076,991.312749992041,0.0403132488234547,8.99999904632568e-06,6.96921959129104e-05,0.00159197498749375,3.80000000000001,42.8,0.416666666666667
7.97784966138235e-05,0.00164434234647825,0.574314195791342,988.47637843426,0.0382114764058522,8.99999904632568e-06,6.9690643322973e-05,0.00159179322994831,4,42.8,0.416666666666667
7.9776944023886e-05,0.00164416469618166,0.581648950936947,995.374221797934,0.0254037693505226,8.99999904632568e-06,6.96887151064379e-05,0.00159153643488411,4,42.8,0.416666666666667
7.97749946665537e-05,0.00164390236592713,0.589153184797811,1010.37593761493,0.0310768478967377,8.99999904632568e-06,6.9686383717355e-05,0.00159126621644155,5,42.8,0.416666666666667
7.97726367341015e-05,0.0016436239798238,0.585400110967732,1003.91413611888,0.0308361264625694,8.99999904632568e-06,6.96825272842869e-05,0.00159094522261131,3.19999999999999,42.8,0.416666666666667
7.97687481943126e-05,0.00164329431340329,0.5904924308232,1012.59289488851,0.0311927826073053,8.99999904632568e-06,6.96786708512189e-05,0.00159062422878106,3.80000000000001,42.8,0.416666666666667
7.97648388130519e-05,0.00164296303037862,0.56917451023268,977.348984646203,0.0329130562915945,8.99999904632568e-06,6.96712685030781e-05,0.0015905,3.19999999999999,42.8,0.416666666666667
7.97573832329312e-05,0.0016428284619166,0.571643092070789,983.354379531216,0.0374803494557437,8.99999904632568e-06,6.9661627420421e-05,0.0015905,4.19999999999999,42.8,0.416666666666667
7.97476406315771e-05,0.00164282415986445,0.582495433743502,998.349812993061,0.0300413205631716,8.99999904632568e-06,6.96517259033248e-05,0.00159049891612473,4,42.8,0.416666666666667
7.97376064546236e-05,0.00164282277318314,0.590224253711043,1014.26737641454,0.0376159360758913,8.99999904632568e-06,6.96266590885031e-05,0.00159043471735868,4.19999999999999,42.8,0.416666666666667
7.97124030097139e-05,0.00164275835693419,0.573657024576661,985.886439235521,0.0369988340823874,8.99999904632568e-06,6.96015922736815e-05,0.00159037051859263,4.80000000000001,42.8,0.416666666666667
7.96869930128937e-05,0.00164269172261869,0.557540157329996,958.802227347727,0.0374707215871701,8.99999904632568e-06,6.95854503467791e-05,0.00159033333333333,3.80000000000001,42.8,0.416666666666667
7.96705050914845e-05,0.0016426520294452,0.580861159576227,996.79824732717,0.0346908169826829,8.99999904632568e-06,6.95815939137408e-05,0.00159033333333333,4.39999999999998,42.8,0.416666666666667
7.96664241511282e-05,0.00164265051201201,0.593442400918765,1015.3329750187,0.0285729127516396,8.99999904632568e-06,6.95777374807024e-05,0.00159033333333333,4.80000000000001,42.8,0.416666666666667
7.96625121500803e-05,0.0016426503939979,0.579182187773847,993.871085999103,0.0343971043938952,8.99999904632568e-06,6.95834219631705e-05,0.00159065099216275,3.19999999999999,42.8,0.416666666666667
7.96681433648961e-05,0.00164296798114107,0.588377419857872,1007.64083393218,0.030187997562253,8.99999904632568e-06,6.95911348292502e-05,0.00159103618475905,3.39999999999998,42.8,0.416666666666667
7.96759329082539e-05,0.00164336311870795,0.587551009974439,1007.54404000986,0.0329421589762781,8.99999904632568e-06,6.96032550473967e-05,0.00159123061530765,3.60000000000002,42.8,0.416666666666667
7.96881591924985e-05,0.00164356993627296,0.587404344992835,1007.12664036423,0.0318268582205895,8.99999904632568e-06,6.9630250078769e-05,0.00159078122394531,4.60000000000002,42.8,0.416666666666667
7.97153207027262e-05,0.00164312717006432,0.571094618647488,977.958743565331,0.0270996253554377,8.99999904632568e-06,6.96572451101414e-05,0.00159033183258296,4.19999999999999,42.8,0.416666666666667
7.97426855780384e-05,0.00164266452269661,0.574247786523133,982.926044091837,0.026057275930299,8.99999904632568e-06,6.96659471262811e-05,0.00159065391028848,4.60000000000002,42.8,0.416666666666667
7.97517602072328e-05,0.00164297273150165,0.580844538866216,993.272284288583,0.0242721634714053,8.99999904632568e-06,6.96640189097497e-05,0.00159142429548107,3.80000000000001,42.8,0.416666666666667
7.97499555551345e-05,0.00164375283076054,0.562513357734358,969.318581975795,0.0405515604811578,8.99999904632568e-06,6.96624412780423e-05,0.00159215966316492,4.19999999999999,42.8,0.416666666666667
7.97483533504327e-05,0.00164451235467416,0.576553688960644,990.941706907531,0.0356804669168264,8.99999904632568e-06,6.96701541441724e-05,0.00159196706686677,4.39999999999998,42.8,0.416666666666667
7.97560444001875e-05,0.00164434328017091,0.578996363494843,993.686119877561,0.0322661065676528,8.99999904632568e-06,6.96778670103025e-05,0.00159177447056862,4,42.8,0.416666666666667
7.97638619912803e-05,0.00164414557532268,0.583415002036365,1003.41820563915,0.0375227430847627,8.99999904632568e-06,6.96838820442151e-05,0.00159166666666667,4.60000000000002,42.8,0.416666666666667
7.9769983473202e-05,0.00164403177736399,0.566698017729269,973.779693929506,0.033909681957214,8.99999904632568e-06,6.96877384772846e-05,0.00159166666666667,4.19999999999999,42.8,0.416666666666667
7.97739232592578e-05,0.00164402835541434,0.590339373593502,1014.12718548005,0.0351091676805991,8.99999904632568e-06,6.96915949103541e-05,0.00159166666666667,3.39999999999998,42.8,0.416666666666667
7.97778333383134e-05,0.00164402831782429,0.589187874121875,1010.06788334723,0.0309112860470136,8.99999904632568e-06,6.96596416078909e-05,0.00159139569784892,4.39999999999998,42.8,0.416666666666667
7.97459332773316e-05,0.00164375741583473,0.566533816603522,971.707489401756,0.0313771321298091,8.99999904632568e-06,6.96210772773293e-05,0.00159107470401868,3.60000000000002,42.8,0.416666666666667
7.97069345804871e-05,0.00164342746774711,0.577108527380045,990.936690156758,0.0355476625376473,8.99999904632568e-06,6.95892091169069e-05,0.00159083333333333,4.39999999999998,42.8,0.444444444444443
7.96745353954063e-05,0.00164317518859154,0.584434464885117,999.980174597812,0.0280965952033756,8.99999904632568e-06,6.95776398177963e-05,0.00159083333333333,4.39999999999998,42.8,0.416666666666667
7.96625249337036e-05,0.00164316680307083,0.543067696325329,932.431411302999,0.0333214518250173,8.99999904632568e-06,6.95660705186857e-05,0.00159083333333333,3.80000000000001,42.8,0.416666666666667
7.96507920944792e-05,0.00164316633421694,0.590808226471073,1011.76784171916,0.0314875568306941,8.99999904632568e-06,6.95457015406144e-05,0.0015904147907287,3.60000000000002,42.8,0.416666666666667
7.96302633565327e-05,0.00164274757304876,0.582435773142528,998.623681000139,0.0343334305499693,8.99999904632568e-06,6.95206347259664e-05,0.0015897728030682,5,42.8,0.416666666666667
7.9604917012902e-05,0.00164209224437671,0.589321927308284,1010.61852027322,0.0359922332032387,8.99999904632568e-06,6.94965370279301e-05,0.00158911288977822,4,42.8,0.416666666666667
7.95804741870908e-05,0.00164141157133248,0.577715783788452,989.990129538076,0.0334922002734549,8.99999904632568e-06,6.94888241619098e-05,0.00158814990828748,4,42.8,0.444444444444443
7.95724284960206e-05,0.0016404270599762,0.597715074026855,1021.96392373503,0.0298563305801984,8.99999904632568e-06,6.94811112958895e-05,0.00158718692679673,5,42.8,0.416666666666667
7.95646060760742e-05,0.00163943341300151,0.594927140462334,1018.74419684522,0.0332762763078576,8.99999904632568e-06,6.94840361749572e-05,0.0015869027847257,3.39999999999998,42.8,0.416666666666667
7.95674244413807e-05,0.00163911832607178,0.573637131650514,980.945970699306,0.028056781405999,8.99999904632568e-06,6.94994619070097e-05,0.00158741637485409,3.80000000000001,42.8,0.416666666666667
7.95828885496251e-05,0.00163962219568338,0.579042003461682,994.311328603914,0.0377520942577038,8.99999904632568e-06,6.95148876390622e-05,0.00158792996498249,3.39999999999998,42.8,0.416666666666667
7.95985248482724e-05,0.00164015167760921,0.570065678843045,978.418597708978,0.03541274430995,8.99999904632568e-06,6.95319786490557e-05,0.00158805544438886,4.60000000000002,42.8,0.416666666666667
7.96158287694865e-05,0.00164029384593791,0.602721439319468,1033.09594359125,0.0345610318764532,8.99999904632568e-06,6.95493325976715e-05,0.00158811964315491,4.80000000000001,42.8,0.416666666666667
7.96334183364587e-05,0.00164036275365232,0.583635342238409,1000.91250912311,0.0337145005896335,8.99999904632568e-06,6.95692658489273e-05,0.00158820101717525,3.39999999999998,42.8,0.416666666666667
7.96535910955584e-05,0.00164044657008332,0.585439515133325,1003.57717094794,0.0321370029946915,8.99999904632568e-06,6.95962608802269e-05,0.00158832941470735,3.39999999999998,42.8,0.444444444444443
7.96808608086647e-05,0.00164057791720296,0.602516781781276,1031.23598833182,0.0288909056773731,8.99999904632568e-06,6.96232559115265e-05,0.00158845781223945,4.80000000000001,42.8,0.416666666666667
7.97082271572455e-05,0.00164071086146158,0.567595489160089,977.368845978523,0.0400447013871903,8.99999904632568e-06,6.96360096865308e-05,0.0015885,3.80000000000001,42.8,0.416666666666667
7.97213535653653e-05,0.00164075764714967,0.588111068778606,1009.57630882933,0.0345157597870839,8.99999904632568e-06,6.96417943361139e-05,0.0015885,4.80000000000001,42.8,0.416666666666667
7.97273169503153e-05,0.00164075932603753,0.592713137811031,1015.19440792114,0.0293070309160008,8.99999904632568e-06,6.96477242279817e-05,0.0015885,4,42.8,0.416666666666667
7.97333280424465e-05,0.00164075948179215,0.576219488085351,990.141389785222,0.035497970321887,8.99999904632568e-06,6.96554370941029e-05,0.0015885,3.60000000000002,42.8,0.416666666666667
7.97411227584346e-05,0.00164075959115038,0.578902475780502,990.887287745987,0.0264030890321308,8.99999904632568e-06,6.96631499602242e-05,0.0015885,4.39999999999998,42.8,0.416666666666667
7.97489417610868e-05,0.00164075973008609,0.582366598391389,1000.28249228102,0.0347699107705627,8.99999904632568e-06,6.96653185777757e-05,0.00158871535767884,3.60000000000002,42.8,0.416666666666667
7.9751216845868e-05,0.00164097522804005,0.59164226130992,1011.63333224414,0.0247338889357274,8.99999904632568e-06,6.96614621447136e-05,0.00158916474904119,4,42.8,0.416666666666667
7.97473913914338e-05,0.00164143134065381,0.589161204358753,1010.49081175785,0.0320775552559522,8.99999904632568e-06,6.96576057116515e-05,0.00158961414040353,3.39999999999998,42.8,0.416666666666667
7.9743482869179e-05,0.00164189480763629,0.583453609186049,1001.00473113354,0.0325446409566454,8.99999904632568e-06,6.96503435974515e-05,0.00158966666666667,4.19999999999999,42.8,0.416666666666667
7.97361675346957e-05,0.00164196163610323,0.578114737691395,990.902731498119,0.0301075916319856,8.99999904632568e-06,6.96426307313363e-05,0.00158966666666667,4.19999999999999,42.8,0.416666666666667
7.97283550595343e-05,0.00164196358096532,0.56891361033535,975.615245853694,0.0308636003429357,8.99999904632568e-06,6.96321507493057e-05,0.00158968509254627,4.80000000000001,42.8,0.444444444444443
7.97177686991555e-05,0.00164198193129316,0.578699092241114,993.450910456744,0.0345133972440364,8.99999904632568e-06,6.96147968005897e-05,0.00158974929131232,4,42.8,0.416666666666667
7.97002706015612e-05,0.00164204651493621,0.572280549680005,980.89325946809,0.0308209579684191,8.99999904632568e-06,6.95974428518738e-05,0.00158981349007837,5.39999999999998,42.8,0.416666666666667
7.96826783904917e-05,0.00164211241189021,0.583399131046475,998.417589561057,0.0282854551010733,8.99999904632568e-06,6.95867500147995e-05,0.00158952284475571,4.60000000000002,42.8,0.416666666666667
7.96717460095703e-05,0.00164182350383921,0.567494512247504,973.225836800392,0.0321977730682695,8.99999904632568e-06,6.95790371487228e-05,0.00158907345339336,4.60000000000002,42.8,0.416666666666667
7.96638842830364e-05,0.00164136496454106,0.589029758378349,1008.23275482033,0.0294498200323746,8.99999904632568e-06,6.957351794196e-05,0.0015887883941971,5,42.8,0.416666666666667
7.96582580272954e-05,0.00164106555125097,0.583435978454948,1000.61143459868,0.0332826250145681,8.99999904632568e-06,6.95889436741252e-05,0.00159007236951809,3.19999999999999,42.8,0.416666666666667
7.96736071497076e-05,0.0016423401451827,0.590269086629988,1011.68577808053,0.0318954833954732,8.99999904632568e-06,6.96043694062904e-05,0.00159135634483909,3.60000000000002,42.8,0.416666666666667
7.96892418827664e-05,0.00164366390723549,0.586569579970293,1003.21202745758,0.0257239919973531,8.99999904632568e-06,6.96351808039263e-05,0.00159177588794397,5,42.8,0.416666666666667
7.97202661703051e-05,0.00164412476653632,0.576937988389894,990.989070503768,0.0339831630646812,8.99999904632568e-06,6.96814580007071e-05,0.00159132649658162,3.39999999999998,42.8,0.416666666666667
7.97669658084243e-05,0.00164369020398303,0.584856276462898,1002.99572844682,0.0296483779166567,8.99999904632568e-06,6.97277351974879e-05,0.00159087710521928,3,42.8,0.416666666666667
7.98138788895136e-05,0.00164322815073148,0.581821009892729,998.834563779016,0.0313796077711548,8.99999904632568e-06,6.97479063458596e-05,0.00159083333333333,3.80000000000001,42.8,0.416666666666667
7.9834688828534e-05,0.00164317086829653,0.578157330509,991.852480797233,0.0290276707873528,8.99999904632568e-06,6.97652602947626e-05,0.00159083333333333,2.80000000000001,42.8,0.416666666666667
7.98523261353863e-05,0.0016431694540792,0.590841351461507,1014.48077874257,0.031534431316898,8.99999904632568e-06,6.97826142436841e-05,0.00159061689177922,4.39999999999998,42.8,0.416666666666667
7.98699202422003e-05,0.00164295327537728,0.582385397700299,999.923457574143,0.0303550651243805,8.99999904632568e-06,6.97999681926473e-05,0.00158991070535268,3.19999999999999,42.8,0.416666666666667
7.98875137608239e-05,0.00164224069210431,0.577072227253781,991.303273699814,0.030712180008305,8.99999904632568e-06,6.98173221416105e-05,0.00158920451892613,3.39999999999998,42.8,0.416666666666667
7.99051072714384e-05,0.00164151271739398,0.572265527240535,985.439379336858,0.0353942652427529,8.99999904632568e-06,6.98401552306681e-05,0.0015890456061364,4.39999999999998,42.8,0.416666666666667
7.99281799220384e-05,0.00164133153909631,0.570415295086117,980.446213918647,0.0303848884414813,8.99999904632568e-06,6.98652220459434e-05,0.00158910980490245,4.80000000000001,42.8,0.416666666666667
7.99535609054114e-05,0.00164139052150018,0.578053258879618,993.821796358856,0.0309305763610388,8.99999904632568e-06,6.98880851851525e-05,0.00158913731865933,4.80000000000001,42.8,0.416666666666667
7.99767696440665e-05,0.001641420305413,0.570993845825227,981.058680695709,0.0288072795683507,8.99999904632568e-06,6.98938698348493e-05,0.00158888052359513,3.19999999999999,42.8,0.416666666666667
7.99828703149002e-05,0.00164116483740788,0.596497372324827,1025.76534993575,0.0325908187173072,8.99999904632568e-06,6.9899654484546e-05,0.00158862372853093,4.19999999999999,42.8,0.416666666666667
7.99887380342097e-05,0.00164090022743722,0.573331956852337,987.751151199536,0.0347900378339295,8.99999904632568e-06,6.99114341348583e-05,0.00158919859929965,4.19999999999999,42.8,0.416666666666667
8.00005975821569e-05,0.00164146699579453,0.557455472354581,961.013819075773,0.0345436406498166,8.99999904632568e-06,6.99287880839887e-05,0.00159054677338669,3.80000000000001,42.8,0.416666666666667
8.00181130164882e-05,0.00164283294922481,0.565843973285128,975.315606132516,0.0344090587843711,8.99999904632568e-06,6.9946142033119e-05,0.00159189494747374,4.39999999999998,42.8,0.416666666666667
8.00357054640373e-05,0.00164422378038989,0.577536242008238,995.185395015428,0.0348441557989748,8.99999904632568e-06,6.99403824251757e-05,0.001592,4,42.8,0.416666666666667
8.00301854031611e-05,0.00164437226268778,0.580237088953409,999.687069835039,0.0349091038836111,8.99999904632568e-06,6.99326695588881e-05,0.001592,4.39999999999998,42.8,0.416666666666667
8.00223973731199e-05,0.00164437677051188,0.581364186789878,1002.72727289923,0.0378122777495731,8.99999904632568e-06,6.992369959557e-05,0.00159210463565116,4.19999999999999,42.8,0.416666666666667
8.00133213643099e-05,0.00164448141050308,0.591335964349725,1020.00783647532,0.0392324075289687,8.99999904632568e-06,6.99121302961609e-05,0.00159242562948141,3.39999999999998,42.8,0.416666666666667
8.00016284816822e-05,0.00164480549095548,0.574056943888841,986.995936078489,0.0304287593721481,8.99999904632568e-06,6.99005609967519e-05,0.00159274662331166,3.19999999999999,43,0.444444444444443
7.99898999664658e-05,0.00164513632983201,0.573210009914429,986.585160757211,0.0331475011256805,8.99999904632568e-06,6.98875843496904e-05,0.00159283333333333,4.19999999999999,42.8,0.416666666666667
7.99767636184069e-05,0.00164523309383077,0.585806131703018,1008.98044217233,0.0361949980594971,8.99999904632568e-06,6.9874086833747e-05,0.00159283333333333,3.80000000000001,42.8,0.416666666666667
7.99630872317497e-05,0.00164523586564475,0.564817946506944,972.058179945214,0.0330751499828682,8.99999904632568e-06,6.98569782940868e-05,0.00159285909621477,3.80000000000001,42.8,0.416666666666667
7.99457924679554e-05,0.00164526147664519,0.565014064578086,972.462229678972,0.0342510761750856,8.99999904632568e-06,6.98164857464748e-05,0.00159305169251292,5.39999999999998,42.8,0.416666666666667
7.99050644266788e-05,0.00164545456628868,0.59390049406251,1018.67647041046,0.0294269245102653,8.99999904632568e-06,6.97759931988628e-05,0.00159324428881107,3.80000000000001,42.8,0.444444444444443
7.98640173068386e-05,0.00164565244125435,0.587520306336362,1010.04857663562,0.0347912296962416,8.99999904632568e-06,6.97634923455561e-05,0.00159333333333333,4.60000000000002,42.8,0.416666666666667
7.98509575365794e-05,0.00164574690726838,0.565055630288243,971.711424376919,0.0333677219067858,8.99999904632568e-06,6.97750616448404e-05,0.00159333333333333,5,42.8,0.416666666666667
7.98623490078694e-05,0.00164574960916311,0.583387385034034,1003.44691207296,0.0350327102434595,8.99999904632568e-06,6.97866309441247e-05,0.00159333333333333,4.39999999999998,42.8,0.416666666666667
7.9874073418802e-05,0.00164574989102773,0.582231913954493,999.841945694055,0.0304904789168158,8.99999904632568e-06,6.98109089434667e-05,0.00159260797065199,4,42.8,0.416666666666667
7.98985110632557e-05,0.00164502474096561,0.582115865136421,1002.23554381983,0.0359460714447316,8.99999904632568e-06,6.98359757586744e-05,0.0015918375854594,3.80000000000001,42.8,0.416666666666667
7.99239106329615e-05,0.00164423229686056,0.591776753945775,1016.8194670526,0.0311278054513649,8.99999904632568e-06,6.98663714633605e-05,0.0015916659996665,3.60000000000002,42.8,0.416666666666667
7.99546521901739e-05,0.00164403658237596,0.577645569576801,995.509456166388,0.0360276195299044,8.99999904632568e-06,6.99068640112689e-05,0.00159262898115725,4.39999999999998,42.8,0.416666666666667
7.99955633296312e-05,0.00164499403015547,0.554435604952695,955.540032073246,0.0332404892304595,8.99999904632568e-06,6.99473565591773e-05,0.00159359196264799,6,42.8,0.444444444444443
8.00366129429189e-05,0.00164598740951046,0.575781831737964,992.469300482,0.0349462381870169,8.99999904632568e-06,6.99589509003594e-05,0.00159354468901117,5.60000000000002,42.8,0.416666666666667
8.00487662350054e-05,0.00164597165023355,0.569962474676476,985.698429195145,0.0420015807988132,8.99999904632568e-06,6.99608791169346e-05,0.00159315949641487,4.19999999999999,42.8,0.416666666666667
8.00508599365405e-05,0.0016455861803458,0.592891080334127,1020.0761988575,0.0318976655304607,8.99999904632568e-06,6.99607388830036e-05,0.00159290220110055,4.60000000000002,42.8,0.416666666666667
8.00507482114374e-05,0.00164531696963244,0.572590368502667,986.600069944013,0.0340722568620551,8.99999904632568e-06,6.99491695835633e-05,0.0015933515924629,4.39999999999998,42.8,0.416666666666667
8.00391773906955e-05,0.00164575801195501,0.578421310977989,996.095294673461,0.0335451245315051,8.99999904632568e-06,6.9937600284123e-05,0.00159380098382525,4.80000000000001,42.8,0.416666666666667
8.00274505375001e-05,0.00164622087698405,0.577359916620785,995.327307113584,0.0361577420414615,8.99999904632568e-06,6.9929253860961e-05,0.001594,3.60000000000002,42.8,0.416666666666667
8.00189444359714e-05,0.00164643404074294,0.594865675003619,1025.08341299113,0.0368722554612989,8.99999904632568e-06,6.99234692112508e-05,0.001594,5.19999999999999,42.8,0.416666666666667
8.00130439631692e-05,0.00164644050214302,0.585356396558091,1007.97496899521,0.034475938708679,8.99999904632568e-06,6.99176845615407e-05,0.001594,4.19999999999999,42.8,0.416666666666667
8.00071789698372e-05,0.00164644059987865,0.575495697597237,988.767350787171,0.0287330248390471,8.99999904632568e-06,6.99063406381025e-05,0.00159356811739203,3.80000000000001,42.8,0.416666666666667
7.99957551858823e-05,0.00164600861831268,0.569399506624368,979.910351476688,0.0324019822997116,8.99999904632568e-06,6.98947713387024e-05,0.00159311872602968,3.60000000000002,42.8,0.416666666666667
7.99840303348493e-05,0.00164554563435875,0.575259061671046,989.429012704643,0.0320678411975879,8.99999904632568e-06,6.9873350605641e-05,0.00159297390361848,4.19999999999999,42.8,0.416666666666667
7.99624499506837e-05,0.00164538625286637,0.570821764892446,983.291583590438,0.0361999205262976,8.99999904632568e-06,6.98347862745003e-05,0.00159335909621477,4.19999999999999,42.8,0.416666666666667
7.99235917708492e-05,0.00164576612844131,0.576629749406438,992.095572611194,0.0348668356576176,8.99999904632568e-06,6.97962219433595e-05,0.00159374428881107,4.60000000000002,42.8,0.416666666666667
7.9884498328396e-05,0.00164616242367039,0.591119184080608,1014.11510750355,0.0300935621570101,8.99999904632568e-06,6.97621050313663e-05,0.00159403076538269,4.19999999999999,42.8,0.416666666666667
7.98498491016434e-05,0.00164646050788846,0.593918124103247,1020.95135960688,0.0360211263753798,8.99999904632568e-06,6.97293253501302e-05,0.00159428756044689,3,42.8,0.416666666666667
7.98165976201862e-05,0.00164672594276887,0.583775975912027,1001.74144013937,0.0317750913604151,8.99999904632568e-06,6.96975448356763e-05,0.00159451108887777,4,42.8,0.416666666666667
7.97843643378704e-05,0.00164695712300259,0.588783286509096,1009.53783137804,0.0309820727192168,8.99999904632568e-06,6.96705498042312e-05,0.00159457528764382,3.60000000000002,42.8,0.444444444444443
7.97569304028436e-05,0.00164702792918412,0.576270618802741,989.312975399437,0.0336531925114289,8.99999904632568e-06,6.96435547727861e-05,0.00159463948640987,4.39999999999998,42.8,0.416666666666667
7.97295618179941e-05,0.00164709384629533,0.593670534505669,1018.63651114663,0.0338276582766417,8.99999904632568e-06,6.96421324000621e-05,0.00159481474070369,4.19999999999999,42.8,0.416666666666667
7.97277667817045e-05,0.0016472706684811,0.587857520951405,1011.56317283805,0.0397576357497935,8.99999904632568e-06,6.96594863488315e-05,0.00159507153576788,3.60000000000002,42.8,0.416666666666667
7.97450962884128e-05,0.00164753291484637,0.577901041168424,990.275752881363,0.0285968660758994,8.99999904632568e-06,6.9676840297601e-05,0.00159532833083208,5,42.8,0.416666666666667
7.97626862039227e-05,0.00164779814242094,0.566667982086514,972.453407653712,0.0305762542355842,8.99999904632568e-06,6.97017568619555e-05,0.00159533333333333,4.80000000000001,42.8,0.416666666666667
7.97878422808669e-05,0.00164781167439572,0.587399020392457,1007.45094772914,0.0300797267466173,8.99999904632568e-06,6.97268236769508e-05,0.00159533333333333,4,42.8,0.416666666666667
7.98132516328762e-05,0.00164781253141319,0.584139402581729,1002.13752270847,0.0300984641411281,8.99999904632568e-06,6.97422544176103e-05,0.0015958515924629,4.19999999999999,42.8,0.416666666666667
7.98290283592624e-05,0.00164833125896716,0.555598554658823,953.902039754279,0.0298626905761446,8.99999904632568e-06,6.97422544176103e-05,0.00159719976654994,3.80000000000001,42.8,0.416666666666667
7.98292431826133e-05,0.00164969579097044,0.57484186894197,988.270658739459,0.0343375724809167,8.99999904632568e-06,6.97422544176103e-05,0.00159854794063699,4,42.8,0.416666666666667
7.98292461077495e-05,0.0016510862772168,0.570234397662924,980.426939160166,0.0339592949970744,8.99999904632568e-06,6.97498545958095e-05,0.00159873211605803,4.19999999999999,42.8,0.416666666666667
7.98368463257787e-05,0.00165131356584479,0.567467939422708,975.097160666168,0.032161364219426,8.99999904632568e-06,6.97594956785334e-05,0.00159860371852593,5.39999999999998,42.8,0.444444444444443
7.98465908966576e-05,0.0016511923477441,0.579636840889928,995.770073478865,0.0323901078802455,8.99999904632568e-06,6.97650599605631e-05,0.00159838894447224,5,42.8,0.416666666666667
7.98522878653625e-05,0.00165097398467634,0.590735194569071,1014.1145717063,0.0318598067810214,8.99999904632568e-06,6.97534906612966e-05,0.00159781115557779,3.39999999999998,42.8,0.416666666666667
7.98407961387101e-05,0.00165038952432405,0.565096164158516,971.519563124594,0.0335851669584615,8.99999904632568e-06,6.97419213620301e-05,0.00159723336668334,3.60000000000002,42.8,0.416666666666667
7.9829070362671e-05,0.00164979341392786,0.563055678278862,968.426666839182,0.0346813850578734,8.99999904632568e-06,6.97303520627796e-05,0.001597,5,42.8,0.416666666666667
7.98173413997209e-05,0.00164954136045372,0.560841316806928,962.992287565152,0.031005812673819,8.99999904632568e-06,6.97187827635399e-05,0.001597,4.60000000000002,42.8,0.416666666666667
7.98056123933872e-05,0.00164953334137199,0.57145141004887,981.437619986703,0.0325988482593364,8.99999904632568e-06,6.97072134643001e-05,0.001597,4.60000000000002,42.8,0.416666666666667
